1 15 632 57 62 92 245 9 152 45 184 34 125 167 190 55 211 4 23 77 13 26 200 73 3 49 95 7 106 44 195 51 206
2 15 618 117 165 78 172 31 205 58 186 19 42 35 145 50 24 37 126 205 95 9 49 45 124 14 131 8 206 42 7 25 181
3 15 816 63 105 35 93 23 2 24 108 152 29 22 129 9 205 5 116 120 162 62 84 29 242 154 134 172 205 125 67 25 160
4 15 516 42 136 11 122 7 54 41 99 30 209 7 159 7 99 139 173 110 86 27 230 113 103 43 53 27 151 22 133 19 164
5 15 612 73 181 1 161 61 199 79 79 36 63 34 176 46 219 2 170 19 113 130 225 113 246 65 217 30 128 65 192 12 13
6 15 556 86 175 14 233 9 178 20 120 61 130 7 135 61 208 18 146 81 54 81 189 24 103 79 152 39 146 36 80 80 35
7 15 725 141 42 5 33 22 244 14 208 51 96 69 184 127 170 50 129 13 78 35 122 40 123 82 173 162 202 4 64 92 222
8 15 627 39 44 107 85 12 140 40 166 10 29 142 33 53 218 29 96 132 3 25 131 52 131 27 83 55 75 29 201 32 177
9 15 730 22 179 66 71 83 181 2 246 25 76 21 135 103 9 36 83 86 157 152 85 53 111 9 81 32 31 10 151 213 132
10 15 693 95 6 16 183 168 104 16 208 59 120 152 240 7 42 20 31 1 18 38 106 58 74 6 183 112 233 49 46 70 217
11 15 781 20 173 110 175 58 56 31 166 13 127 129 6 38 80 47 225 148 191 42 45 24 29 66 178 51 207 50 45 150 160
12 15 466 8 213 46 116 19 37 124 27 54 170 39 201 13 4 26 222 30 177 33 120 4 132 105 127 12 237 64 99 6 11
13 15 696 64 17 2 137 20 248 90 29 79 154 138 148 20 25 59 78 31 95 46 91 67 54 91 34 38 193 83 223 43 21
14 15 624 105 109 68 46 165 152 71 228 5 217 55 168 16 164 5 13 18 188 15 101 39 73 72 151 59 153 79 151 8 7
15 15 712 124 175 114 242 27 173 9 22 44 22 164 86 44 166 36 82 75 211 14 214 7 250 50 216 28 145 30 105 125 30
16 15 571 48 159 139 38 11 222 68 213 22 87 12 235 13 70 35 175 23 248 1 99 208 70 65 241 10 53 5 186 54 57
17 15 811 65 134 139 215 180 176 45 111 87 207 17 1 172 29 19 139 13 180 25 136 103 18 62 58 29 120 46 121 12 22
18 15 646 3 182 6 106 133 84 18 58 115 123 34 228 34 175 34 226 50 40 39 144 1 18 1 174 142 233 56 241 142 106
19 15 736 37 154 59 227 175 176 3 179 80 240 1 77 52 93 44 75 8 14 24 91 126 75 56 18 18 106 181 103 56 89
20 15 817 28 101 115 221 218 143 8 191 96 45 110 94 48 186 124 179 39 159 7 96 12 206 143 205 11 68 42 102 21 168
21 15 606 31 228 73 152 13 108 27 40 44 22 35 219 32 131 27 83 60 39 121 168 73 233 62 101 69 176 13 235 78 12
22 15 560 16 135 25 246 89 244 63 77 112 97 19 237 2 109 31 1 3 52 5 169 74 49 24 82 31 130 35 31 172 119
23 15 610 5 33 17 76 28 12 87 166 41 149 103 163 24 210 91 172 58 110 53 28 55 150 32 241 37 215 91 63 41 40
24 15 808 133 98 31 28 135 216 77 197 53 130 143 50 143 191 2 173 39 195 74 151 19 188 19 193 49 215 57 199 37 72
25 15 855 121 214 36 100 153 204 93 118 159 93 16 7 70 192 66 100 84 183 54 230 98 163 49 90 31 234 1 233 38 206
26 15 833 124 30 183 59 11 149 17 63 86 42 28 179 41 209 3 41 152 206 144 163 48 174 76 216 56 129 7 43 66 2
27 15 728 40 249 75 227 99 65 49 244 26 189 43 96 17 109 89 89 105 248 71 7 29 36 10 122 80 90 82 248 96 183
28 15 608 37 85 43 165 12 27 65 150 3 20 149 123 52 128 56 11 99 178 30 61 64 142 128 122 10 120 10 118 3 217
29 15 707 73 45 47 149 193 117 12 17 16 128 31 198 114 135 69 228 136 89 36 4 63 178 53 160 11 19 15 82 15 124
30 15 553 7 222 2 119 24 87 12 178 22 128 50 96 4 221 33 243 144 79 60 148 14 168 152 125 30 40 12 100 126 54
31 15 800 20 179 113 85 116 169 6 110 72 172 105 59 118 146 23 200 82 86 5 27 11 161 112 40 132 135 66 70 19 27
32 15 760 77 77 162 209 15 143 9 248 12 60 148 92 29 242 152 203 80 239 58 223 28 202 32 54 114 69 22 242 13 109
33 15 1040 81 237 61 139 150 111 19 177 18 55 36 122 74 93 18 176 134 237 191 178 97 51 148 156 50 129 56 239 167 46
34 15 682 111 246 4 11 56 45 60 149 23 113 3 29 32 249 43 250 119 77 67 227 159 4 64 166 82 22 20 199 10 87
35 15 829 36 74 37 218 13 243 26 82 171 139 27 111 41 234 115 27 84 129 120 83 141 194 13 199 148 66 24 230 41 97
36 15 849 128 121 84 209 4 170 125 204 139 136 93 179 4 61 79 137 9 123 43 81 50 2 119 229 117 152 42 156 26 194
37 15 731 30 178 63 83 150 239 167 61 67 183 106 86 22 246 43 61 35 195 2 237 1 226 61 74 115 33 39 47 13 184
38 15 444 20 3 34 101 39 107 47 178 5 113 5 88 31 213 1 86 18 41 53 168 129 196 37 136 109 63 10 94 18 129
39 15 554 20 46 150 152 47 23 17 194 68 38 115 5 6 158 40 192 59 89 56 237 26 70 50 205 5 220 22 195 12 238
40 15 580 137 175 73 26 45 235 106 103 65 227 1 216 36 217 22 249 9 244 65 216 37 236 26 122 38 59 41 50 25 248
41 15 882 24 14 49 36 91 21 119 178 65 166 83 199 71 87 80 104 86 125 95 136 32 1 31 213 57 144 90 147 130 147
42 15 498 7 38 135 146 19 38 70 148 12 173 4 167 1 42 49 183 16 83 17 30 38 75 149 111 69 69 25 221 12 29
43 15 670 42 65 30 248 36 83 5 187 114 190 36 141 73 134 46 121 24 221 28 143 2 85 25 7 106 62 131 66 140 131
44 15 552 22 234 17 178 46 18 28 178 97 70 69 105 78 239 77 92 66 116 93 69 17 161 14 13 39 8 25 163 3 188
45 15 576 25 122 54 57 23 205 34 63 28 224 9 67 157 99 6 66 4 53 49 74 86 82 145 249 3 155 41 88 56 218
46 15 735 63 217 96 229 9 116 116 55 5 113 19 183 143 88 33 125 63 231 24 22 185 159 7 221 40 81 45 7 71 131
47 15 866 12 158 104 92 18 163 11 239 50 110 89 120 172 115 66 159 67 202 27 188 76 10 6 219 79 13 108 5 198 189
48 15 731 12 19 85 106 25 238 151 91 82 155 88 201 70 80 170 126 42 53 84 205 67 144 3 240 20 179 6 75 9 150
49 15 659 21 244 44 81 23 85 5 228 23 198 64 38 37 90 57 108 23 23 139 177 141 8 36 105 58 203 118 37 35 139
50 15 888 162 239 44 150 21 157 14 88 2 62 12 107 4 84 94 50 64 168 76 42 209 243 42 245 82 156 204 89 81 152
51 15 516 17 66 10 152 79 60 5 122 9 78 16 106 91 217 62 205 86 114 44 4 65 203 35 76 16 145 96 183 14 185
52 15 580 62 230 24 59 100 164 37 28 10 54 54 99 2 125 38 208 114 25 27 114 7 193 37 182 20 32 150 119 44 79
53 15 626 7 51 80 212 93 30 12 180 79 28 3 206 69 74 33 164 74 170 36 11 56 206 24 43 89 89 87 127 41 202
54 15 644 129 239 48 179 1 227 7 234 28 16 105 200 3 173 33 231 19 75 131 188 197 81 26 160 46 121 7 198 25 21
55 15 504 15 106 34 113 60 122 100 195 62 205 72 84 51 86 46 200 24 118 3 154 2 177 17 167 21 107 44 174 80 7
56 15 595 23 125 22 165 9 242 13 144 17 197 44 87 37 174 25 191 134 35 3 81 53 154 95 60 103 65 111 134 55 146
57 15 624 116 49 66 175 63 25 86 122 2 99 110 78 20 128 66 42 9 112 14 175 17 227 32 40 30 222 69 227 80 170
58 15 505 61 229 51 219 50 181 32 90 43 175 9 34 6 144 22 146 7 139 42 18 125 236 66 127 7 110 110 66 1 191
59 15 744 24 55 2 54 150 131 54 128 196 97 51 62 43 145 106 2 77 182 72 153 11 199 11 3 117 76 4 22 12 122
60 15 652 30 60 28 23 72 218 118 240 12 66 8 197 21 148 78 107 49 241 106 213 4 19 108 235 135 137 7 153 39 73
61 15 686 41 73 37 42 10 244 26 98 18 139 161 60 31 41 22 180 92 186 47 204 91 159 1 14 6 196 124 136 151 60
62 15 552 24 156 19 74 37 104 16 228 62 131 35 235 21 3 31 56 33 66 42 53 18 180 160 59 101 60 47 11 45 116
63 15 685 71 79 133 16 30 187 69 10 8 61 28 124 106 78 97 126 33 18 27 244 91 88 5 35 62 35 5 128 92 238
64 15 810 28 143 107 130 124 244 13 121 89 29 78 161 87 28 5 110 15 134 105 84 76 101 163 8 88 7 14 66 21 230
65 15 687 33 110 11 28 37 78 100 23 3 99 89 182 66 65 16 97 19 234 121 113 74 157 48 138 142 37 76 137 24 9
66 15 846 12 195 35 27 53 201 88 185 108 128 118 72 37 175 104 159 147 35 3 141 44 175 4 205 93 118 84 4 128 3
67 15 760 37 168 21 153 73 247 76 89 76 56 28 236 126 73 42 140 52 161 83 247 69 201 84 237 102 28 17 134 65 169
68 15 820 149 4 121 211 87 188 39 146 114 61 2 103 67 64 56 84 46 64 6 127 59 130 38 232 129 31 20 62 93 231
69 15 416 29 213 6 239 24 244 29 104 64 73 1 241 3 210 18 9 102 247 24 155 37 60 58 101 44 87 36 54 46 126
70 15 745 26 44 126 73 32 229 105 219 11 197 123 37 94 145 34 101 8 36 59 193 8 68 49 196 78 141 151 65 28 112
71 15 863 94 207 101 32 162 192 100 2 5 78 52 193 27 198 17 27 54 231 149 156 85 74 79 23 32 20 19 44 103 70
72 15 733 14 65 3 106 72 240 122 138 113 133 38 189 60 111 85 188 44 203 83 145 96 157 13 104 94 118 73 78 7 139
73 15 948 108 234 17 230 88 82 86 188 23 163 8 112 75 9 31 145 78 222 24 121 141 2 136 213 81 134 139 95 150 162
74 15 605 88 129 141 80 81 14 1 49 42 230 17 73 67 64 10 174 28 1 47 227 25 1 14 167 17 175 101 178 78 223
75 15 581 128 157 23 46 56 220 85 137 22 35 32 141 54 247 10 101 62 208 37 64 15 238 45 230 26 23 44 134 88 186
76 15 744 25 121 31 187 9 189 91 151 35 146 96 140 68 219 102 46 23 146 94 125 148 206 46 221 48 60 109 146 5 231
77 15 801 21 103 79 78 3 112 95 231 129 245 67 137 33 20 9 171 50 175 62 66 32 221 49 93 182 115 45 120 146 17
78 15 846 225 57 135 86 55 133 109 32 13 76 9 201 22 41 56 67 62 112 1 156 8 14 80 8 28 39 179 193 76 33
79 15 571 7 239 33 180 25 113 51 168 111 240 32 201 2 149 38 151 25 16 49 94 3 111 144 143 23 179 109 175 62 80
80 15 668 67 75 182 173 65 210 55 161 31 238 16 183 23 150 68 234 3 74 58 127 8 125 95 17 11 72 38 217 115 134
81 15 704 55 5 46 233 34 22 80 219 26 69 116 75 174 241 55 59 13 231 45 217 78 205 19 139 88 166 32 114 20 112
82 15 629 5 225 42 79 7 10 20 227 98 191 18 82 16 205 15 89 136 232 25 76 11 162 79 243 73 22 158 129 84 83
83 15 568 9 175 35 244 63 64 66 27 10 148 1 32 16 144 24 218 105 15 82 230 94 20 70 142 81 152 6 107 49 51
84 15 849 81 126 100 127 51 229 54 224 118 36 22 110 43 135 19 211 10 187 38 60 119 105 146 138 76 177 118 227 67 78
85 15 812 127 197 157 29 3 53 123 242 97 25 20 148 37 18 2 223 140 215 7 171 8 6 26 71 109 124 88 223 72 98
86 15 1049 53 250 104 198 48 154 31 119 78 194 29 10 41 118 40 174 88 79 183 139 141 183 83 64 74 175 232 136 87 88
87 15 747 142 194 35 225 110 129 50 177 188 161 49 3 35 242 23 30 98 130 42 118 71 43 31 1 17 146 38 115 5 73
88 15 806 36 195 20 198 6 183 94 50 14 54 123 192 75 39 124 50 20 11 35 226 107 54 113 219 167 25 49 175 25 83
89 15 436 36 10 12 97 12 119 65 227 14 191 31 36 68 4 17 8 71 247 20 106 8 146 54 13 14 99 90 106 33 103
90 15 504 19 245 43 22 1 106 49 65 46 19 36 157 45 187 73 41 49 25 37 123 8 144 67 75 76 86 18 141 63 102
91 15 874 15 38 122 195 70 242 115 118 15 241 43 7 4 28 69 68 70 66 53 115 129 67 116 154 108 7 134 163 30 67
92 15 742 181 14 29 206 131 222 34 75 12 188 105 240 45 218 66 150 29 120 79 108 38 235 60 205 52 7 55 183 12 31
93 15 704 114 141 60 152 20 50 16 16 70 214 78 86 57 20 27 33 42 69 52 29 114 55 137 100 9 126 40 72 45 80
94 15 592 117 12 61 26 64 10 84 28 6 9 72 18 9 11 17 142 48 191 4 147 37 82 18 186 62 91 35 19 107 98
95 15 499 12 39 16 52 38 67 76 109 9 50 24 144 59 85 53 108 36 94 90 182 114 16 21 240 12 96 21 32 43 66
96 15 843 31 180 50 192 110 36 37 240 17 247 90 82 77 186 123 158 11 187 89 187 66 107 121 196 28 136 109 137 95 14
97 15 900 13 132 181 176 53 164 41 230 33 226 34 217 132 41 34 88 71 138 113 73 219 104 58 34 26 244 108 196 10 186
98 15 831 104 16 31 247 54 174 43 142 13 181 119 171 108 53 121 73 71 178 48 154 23 193 10 242 61 95 67 100 166 163
99 15 438 45 32 34 248 44 66 30 167 46 244 50 61 17 27 83 30 16 40 17 6 3 84 41 152 53 54 51 214 18 187
100 15 987 163 156 86 141 44 240 61 26 108 240 47 98 14 93 71 55 106 164 148 114 159 161 124 53 80 130 9 122 14 111
101 15 947 165 223 81 9 114 53 75 125 159 108 21 16 18 238 86 168 137 213 90 38 78 248 17 232 47 211 78 91 18 4
102 15 711 23 192 49 92 131 220 81 164 17 97 17 27 60 160 73 142 94 136 46 244 48 63 86 30 125 206 1 84 38 230
103 15 743 56 55 8 99 205 157 25 106 58 149 99 9 91 194 5 101 2 68 30 181 19 166 203 20 6 167 28 17 94 174
104 15 675 23 190 51 202 97 94 36 78 8 23 43 20 20 243 113 131 34 60 15 1 76 7 75 5 31 4 23 165 199 226
105 15 614 3 204 21 83 28 78 11 165 51 94 20 145 74 71 191 48 26 183 17 15 68 36 5 245 17 164 158 14 78 154
106 15 571 98 184 32 69 43 56 30 160 25 142 11 7 16 168 125 159 136 206 8 220 4 179 136 177 18 52 15 131 17 203
107 15 780 106 51 19 237 54 118 94 235 52 41 92 119 130 117 109 201 60 114 55 118 2 123 17 202 8 210 112 66 65 16
108 15 672 75 237 67 107 37 139 16 171 185 196 51 153 77 31 59 62 12 48 10 156 34 71 118 195 61 26 12 29 27 70
109 15 586 21 218 77 62 21 17 77 82 92 112 81 53 3 240 80 45 4 95 25 221 23 96 64 159 88 239 54 205 23 138
110 15 400 2 228 23 20 98 60 41 129 11 214 61 214 1 175 25 2 62 86 37 247 6 113 1 92 3 42 62 93 67 79
111 15 656 73 82 45 3 20 99 81 189 13 78 155 238 21 188 72 250 73 219 6 204 34 52 26 102 92 33 52 23 57 58
112 15 496 6 215 118 169 8 236 11 82 44 163 28 202 28 179 63 43 11 185 13 95 2 182 68 239 53 152 10 161 158 42
113 15 820 78 132 80 64 72 78 24 12 37 25 14 171 140 161 18 116 44 176 133 114 164 16 16 229 131 127 37 3 37 22
114 15 580 52 238 115 165 60 135 20 4 80 162 11 38 2 167 4 4 7 72 47 196 103 34 80 56 41 170 6 101 97 44
115 15 675 19 105 22 47 45 133 12 144 80 74 37 8 56 224 69 83 110 204 195 134 46 216 42 119 25 75 45 94 41 102
116 15 677 15 196 110 185 31 230 139 104 29 155 43 14 7 229 81 198 98 193 32 175 131 125 19 187 13 66 15 96 84 103
117 15 713 76 8 59 203 58 206 113 105 25 174 157 229 14 234 12 13 44 194 20 242 6 128 2 129 130 100 28 180 148 218
118 15 569 50 185 24 64 23 198 42 142 92 114 4 43 18 139 69 143 19 11 19 139 31 78 149 249 38 157 46 223 88 124
119 15 884 28 192 5 26 104 81 38 156 22 36 116 77 225 3 38 179 101 95 137 92 110 112 78 80 24 124 52 29 28 6
120 15 585 32 116 98 13 54 240 20 211 13 230 56 145 43 131 25 32 65 214 1 98 95 199 36 247 13 145 137 181 44 187
121 15 612 111 22 78 15 56 21 6 112 21 128 68 70 17 148 19 120 142 38 3 55 60 238 60 232 68 185 38 49 18 138
122 15 708 69 92 129 109 143 46 42 167 12 126 95 216 119 62 4 238 11 186 6 150 58 80 41 75 31 23 41 189 84 74
123 15 639 66 119 54 67 38 183 62 111 23 248 43 167 41 228 87 33 40 234 121 191 26 237 1 171 157 212 20 8 20 84
124 15 908 101 169 119 97 176 82 119 14 79 48 15 236 30 24 36 38 47 136 39 216 68 107 176 137 38 221 37 109 56 213
125 15 710 131 129 36 233 46 234 34 95 16 69 178 245 6 166 49 14 77 151 48 212 77 143 102 99 46 24 19 207 23 107
126 15 550 147 223 22 16 74 212 1 149 20 213 113 11 10 135 18 98 50 19 39 32 44 24 62 144 31 13 3 99 54 169
127 15 697 29 25 21 97 122 126 16 12 136 5 43 150 73 78 126 238 10 67 101 94 30 241 9 178 1 227 18 47 137 170
128 15 750 10 236 43 178 104 105 14 74 129 13 43 250 121 41 102 48 20 169 100 123 17 42 32 166 96 80 106 246 1 47
129 15 1072 4 73 103 88 96 177 52 195 106 233 111 7 73 205 156 65 81 78 124 8 146 30 73 49 97 121 53 226 65 80
130 15 808 145 248 143 115 77 248 161 35 71 207 14 248 1 187 97 32 10 84 77 62 47 2 2 71 79 38 62 195 24 90
131 15 881 72 61 198 61 107 187 96 104 94 248 120 194 51 234 91 145 66 28 30 58 39 66 20 219 29 133 56 121 33 145
132 15 628 140 29 38 108 82 65 17 200 8 184 73 221 70 161 12 154 11 179 49 86 3 4 49 60 25 50 53 173 155 116
133 15 445 47 153 16 185 28 71 7 71 8 23 44 157 91 132 8 72 21 170 68 158 41 70 18 114 52 64 54 167 54 168
134 15 788 108 95 77 132 57 180 101 154 66 242 13 30 3 47 37 177 88 235 172 39 3 187 133 36 94 17 15 84 19 246
135 15 817 60 62 166 212 36 128 51 20 88 81 49 167 9 135 114 192 83 132 123 6 2 227 60 194 162 162 7 88 12 39
136 15 825 66 192 74 85 68 210 119 14 148 204 119 237 44 199 6 204 5 104 63 66 64 160 87 246 74 71 79 44 16 36
137 15 708 6 242 99 242 45 245 10 121 10 57 23 210 6 215 63 36 101 77 150 212 8 170 118 99 74 127 12 242 161 15
138 15 581 13 100 16 44 14 129 88 16 80 48 6 108 126 85 6 14 104 159 6 25 87 209 15 19 86 176 76 158 4 205
139 15 719 85 187 7 214 47 234 47 120 31 249 53 27 69 148 12 220 31 76 105 80 83 135 39 39 74 96 136 57 80 50
140 15 640 118 171 40 111 5 227 160 240 22 82 36 102 21 21 113 112 24 96 15 210 9 200 52 208 9 14 79 18 97 141
141 15 710 6 134 76 27 104 124 27 157 18 9 3 192 37 15 22 40 54 98 97 130 56 208 42 143 179 99 65 18 102 20
142 15 590 77 8 59 187 7 220 15 180 101 77 138 225 90 110 19 3 18 240 31 48 33 105 51 226 11 26 13 13 75 83
143 15 712 87 151 26 85 135 227 61 40 90 41 12 222 4 215 40 214 8 172 2 23 131 35 147 124 18 150 84 234 46 180
144 15 607 22 30 9 154 5 48 32 199 61 4 116 58 146 180 77 58 36 164 15 18 53 215 36 155 6 184 108 49 37 95
145 15 609 17 47 1 46 181 89 134 233 9 115 127 122 9 240 7 91 35 116 9 171 41 115 18 187 78 89 3 115 93 242
146 15 680 162 171 37 6 137 143 39 206 32 227 13 42 67 163 53 84 2 42 40 67 2 233 74 223 110 91 44 133 39 39
147 15 608 3 192 44 148 15 55 12 55 17 133 170 145 7 169 43 140 2 130 130 127 70 67 79 140 23 54 61 5 85 226
148 15 565 39 146 105 9 77 142 5 88 109 192 41 72 5 110 41 151 4 210 31 243 22 104 77 211 44 138 86 2 21 159
149 15 731 28 89 50 216 62 155 58 61 18 161 120 151 179 12 139 140 25 14 100 137 38 247 39 61 6 99 25 244 27 41
150 15 760 30 247 15 64 143 145 7 100 64 160 96 23 47 116 7 211 204 124 6 27 93 4 76 17 103 24 27 9 32 171
151 15 508 55 60 25 1 15 28 97 108 42 214 30 79 28 123 20 236 50 23 12 115 129 212 8 159 7 66 4 11 114 87
152 15 749 112 141 86 91 110 249 29 157 17 69 91 185 124 13 42 6 181 160 8 243 2 117 49 188 1 11 81 125 4 114
153 15 698 63 42 72 204 188 121 85 121 110 6 1 77 58 244 12 143 99 62 43 114 13 13 11 157 43 187 31 133 44 19
154 15 724 15 66 33 19 91 214 12 82 62 60 155 225 118 100 22 85 59 84 72 227 45 194 8 151 18 128 87 92 108 116
155 15 864 34 105 40 185 91 160 107 89 46 178 105 197 41 175 24 104 134 81 46 201 50 222 66 20 89 16 150 159 58 179
156 15 791 109 33 50 129 88 87 139 194 42 249 100 120 34 208 123 29 24 222 21 6 12 100 114 93 91 112 33 80 9 244
157 15 722 45 196 19 159 81 123 7 199 17 112 26 33 131 195 133 175 7 239 5 170 46 83 58 120 133 135 150 41 45 143
158 15 824 79 233 44 31 167 162 50 33 24 55 36 144 103 30 83 180 66 51 30 128 114 194 129 179 20 170 12 149 74 238
159 15 824 167 85 193 82 60 224 18 68 26 192 68 247 81 26 48 83 11 158 37 176 32 201 86 151 40 138 99 24 65 241
160 15 444 2 148 51 63 78 100 72 145 36 217 1 214 65 108 43 102 51 200 43 140 6 211 41 224 32 40 4 92 30 237
161 15 848 9 243 142 6 51 233 121 151 141 194 57 212 68 156 10 37 28 210 31 137 37 54 95 66 105 115 138 82 27 105
162 15 469 56 23 94 117 26 95 55 207 9 106 22 246 17 158 14 106 34 100 7 118 76 125 48 211 30 120 43 46 56 197
163 15 508 6 97 79 216 29 92 40 139 18 192 36 167 19 91 34 181 5 109 195 8 28 220 71 82 49 9 8 151 18 56
164 15 574 10 228 36 218 8 138 13 105 56 96 44 200 108 108 3 39 70 53 97 167 99 33 36 90 56 151 32 237 50 52
165 15 897 138 124 153 177 23 211 29 170 82 147 109 68 60 146 124 74 47 109 115 46 41 174 50 182 62 182 43 160 46 210
166 15 536 6 15 72 100 81 147 24 16 39 1 22 37 82 143 70 45 69 225 21 194 36 17 11 109 10 174 51 94 76 112
167 15 866 190 151 58 116 40 104 21 9 60 153 9 206 33 26 153 62 83 25 167 92 84 28 26 246 125 135 17 49 17 99
168 15 707 12 25 52 106 50 136 121 229 45 160 67 115 74 154 42 194 54 222 44 148 49 32 65 188 89 171 111 61 9 163
169 15 638 100 93 104 106 11 213 41 68 2 4 40 143 52 111 37 157 72 206 11 156 75 110 16 67 158 226 76 59 3 172
170 15 520 26 69 3 209 43 12 34 145 73 222 10 164 122 90 128 189 9 59 27 78 31 176 16 250 14 99 23 120 91 110
171 15 598 27 93 106 141 20 68 2 102 44 145 55 211 63 103 10 106 28 136 99 137 35 56 37 188 88 200 117 56 17 22
172 15 676 223 234 16 236 96 178 6 208 18 17 39 104 91 148 58 82 61 209 23 103 1 87 13 139 65 53 42 203 94 86
173 15 922 6 146 158 32 42 116 13 3 192 67 183 91 106 182 41 168 55 94 142 93 45 104 12 166 101 169 45 172 12 225
174 15 787 37 224 71 91 84 16 79 120 137 35 47 83 103 232 98 244 52 151 32 185 85 10 92 35 41 246 15 66 11 179
175 15 764 2 240 15 129 51 246 59 116 38 47 126 13 33 159 52 77 195 94 48 85 198 70 79 137 45 46 7 73 8 85
176 15 508 61 35 54 69 74 146 43 31 50 105 14 96 16 239 141 157 10 233 16 88 3 184 41 90 78 247 14 42 20 149
177 15 692 29 26 8 67 82 132 81 117 84 199 119 13 99 33 3 210 109 87 7 40 18 249 112 187 29 9 12 31 74 224
178 15 550 53 155 104 250 35 212 92 110 62 227 20 64 27 234 44 81 16 79 9 132 64 38 43 64 5 120 72 120 42 250
179 15 909 145 120 78 219 15 19 151 35 19 133 132 196 41 210 49 199 76 249 158 78 48 238 147 158 13 74 14 73 51 13
180 15 730 97 170 86 140 78 90 121 190 21 34 28 238 16 147 27 188 34 227 46 91 60 38 12 23 90 96 35 107 162 62
181 15 843 3 60 29 94 162 92 46 134 112 155 40 40 176 46 96 239 17 219 102 210 16 127 42 226 143 223 12 10 58 239
182 15 704 40 69 31 65 99 22 108 198 36 160 11 148 68 115 63 111 73 155 44 90 127 194 30 131 32 193 96 127 23 61
183 15 704 131 245 13 73 12 40 2 147 82 127 98 152 123 80 32 30 6 55 51 76 80 75 32 204 116 121 69 35 34 186
184 15 890 8 39 127 173 45 165 58 4 65 129 60 194 47 119 115 65 21 37 155 177 178 65 20 115 115 95 27 108 72 91
185 15 704 135 146 21 43 3 57 15 110 143 195 49 224 27 36 142 109 59 104 17 46 128 29 4 78 31 134 28 33 78 113
186 15 687 2 61 7 16 42 232 14 37 135 205 88 96 48 197 35 128 24 171 201 47 107 32 10 239 45 36 42 187 59 50
187 15 849 19 162 132 50 80 158 1 67 182 199 4 124 120 138 103 90 8 250 4 57 179 53 33 208 135 94 54 211 8 47
188 15 480 53 20 32 19 11 160 29 122 4 95 91 106 12 180 33 250 31 207 77 242 66 16 56 159 21 24 20 137 64 88
189 15 818 79 51 29 158 79 155 121 83 19 163 137 133 67 66 26 97 35 170 78 140 46 196 168 53 69 38 16 153 54 133
190 15 786 106 50 59 170 9 51 68 91 151 72 16 62 24 249 16 19 50 33 13 133 63 2 117 118 61 27 92 233 138 132
191 15 788 72 209 70 224 99 54 57 193 54 207 5 115 130 160 33 164 69 120 122 205 44 197 11 249 4 20 177 193 39 145
192 15 604 102 62 13 250 70 43 21 33 97 235 11 151 78 64 40 106 14 158 24 203 35 106 125 27 36 121 52 234 37 172
193 15 676 21 173 90 81 21 214 98 127 8 209 93 95 9 163 113 19 112 66 34 204 11 245 147 40 35 222 28 57 25 174
194 15 440 31 44 58 145 30 2 21 58 26 175 12 92 22 70 12 3 32 95 61 152 29 175 19 78 56 101 85 237 56 191
195 15 848 78 5 132 69 10 172 16 196 69 57 44 32 142 147 11 69 18 178 132 248 40 120 86 225 127 49 114 233 41 212
196 15 524 28 226 31 131 27 244 67 163 82 132 41 163 157 113 24 76 18 110 30 11 15 44 16 114 51 30 6 129 62 217
197 15 572 64 219 95 21 54 156 5 146 32 90 67 35 121 132 50 189 29 178 12 229 138 191 5 2 7 49 18 165 19 109
198 15 666 41 197 9 45 69 107 84 203 64 242 3 56 41 220 70 190 16 37 79 41 48 187 191 214 2 217 94 177 22 196
199 15 547 55 139 29 77 23 235 29 152 29 102 22 89 112 92 38 173 5 171 45 189 34 30 2 51 51 126 154 63 56 175
200 15 660 17 16 30 130 2 65 85 77 5 135 21 16 57 240 179 236 77 235 6 45 9 73 101 149 56 141 40 147 141 249
201 15 638 10 73 32 233 84 62 21 186 50 219 85 179 108 56 74 23 69 144 109 127 57 149 70 235 20 206 1 99 8 233
202 15 757 10 135 62 236 13 87 152 13 123 115 24 68 51 186 15 118 38 206 84 83 42 193 36 44 102 235 184 51 11 165
203 15 665 54 135 169 21 6 82 73 131 5 26 89 191 5 6 4 103 144 154 61 238 19 185 1 218 95 103 94 47 13 198
204 15 534 129 108 12 219 50 75 72 81 6 193 25 76 168 136 70 128 6 184 3 206 3 37 20 165 11 139 40 169 53 172
205 15 784 153 115 45 244 5 206 8 28 1 209 84 86 149 214 91 175 11 127 91 148 30 116 134 128 93 147 85 41 1 243
206 15 677 62 235 40 193 128 20 73 78 13 104 20 12 17 147 107 205 10 151 23 92 95 37 23 134 161 77 71 14 4 138
207 15 741 141 222 33 129 33 17 128 196 32 140 76 50 24 184 82 133 165 134 44 218 28 49 66 141 28 229 45 240 2 113
208 15 887 212 39 113 29 47 181 146 248 128 50 44 88 20 186 92 175 24 244 5 247 124 161 27 156 17 70 40 137 70 31
209 15 696 14 1 10 6 32 29 113 173 2 100 152 120 45 158 43 97 124 248 44 122 74 184 67 204 60 8 89 15 1 191
210 15 636 84 207 83 100 41 225 103 129 31 141 72 220 12 31 46 90 133 121 63 136 14 220 34 76 10 15 67 200 3 14
211 15 643 10 17 18 169 144 182 71 103 50 186 52 219 41 182 36 22 44 244 59 35 34 244 17 250 56 74 73 174 99 116
212 15 683 9 44 31 206 63 244 2 234 90 35 9 78 3 143 8 9 79 122 209 225 58 78 99 55 77 11 33 247 84 63
213 15 569 49 93 59 29 55 230 3 9 33 157 17 234 45 174 34 127 37 168 81 31 140 49 104 128 2 145 49 18 4 109
214 15 483 143 146 2 86 47 48 44 24 4 217 4 27 4 75 50 146 29 7 11 87 44 26 56 158 59 15 99 30 8 201
215 15 755 103 12 66 180 127 178 71 42 6 48 64 123 98 100 50 217 5 239 83 200 10 126 116 19 8 213 23 226 114 64
216 15 655 89 247 84 50 90 33 47 15 76 220 19 162 36 194 62 30 83 12 65 78 93 197 8 244 23 250 22 33 22 177
217 15 741 70 188 52 31 3 121 167 6 20 230 33 28 117 29 43 67 29 225 14 206 42 131 51 21 108 117 26 123 152 26
218 15 792 58 83 90 96 41 39 33 78 149 195 58 124 28 43 142 227 47 164 55 134 37 242 96 210 72 57 59 115 26 204
219 15 863 36 207 107 230 92 65 36 52 73 228 40 67 56 47 47 221 93 160 167 56 12 24 159 134 22 124 17 245 122 171
220 15 511 16 217 12 174 79 151 19 201 99 106 27 166 32 150 5 222 46 182 13 173 32 220 23 182 18 174 137 200 81 138
221 15 832 108 216 3 247 41 22 117 173 110 176 143 85 127 204 21 20 40 43 27 38 84 6 57 198 28 181 47 62 87 23
222 15 577 26 34 80 115 26 97 2 190 27 96 102 125 51 48 57 128 10 218 127 85 3 209 28 250 36 117 36 246 111 234
223 15 760 35 118 51 21 39 80 59 88 123 153 157 195 4 18 68 237 24 247 132 149 94 166 47 54 21 95 71 83 25 161
224 15 638 9 229 27 36 82 154 25 231 29 210 99 160 13 194 31 188 90 250 10 46 53 88 129 44 35 124 117 77 49 38
225 15 793 4 82 89 208 60 234 26 158 88 178 56 117 61 113 170 179 58 146 5 186 118 85 81 242 80 160 37 16 59 100
226 15 860 105 142 124 3 24 162 136 194 205 163 3 190 164 152 41 151 33 83 22 204 12 234 43 220 27 32 31 229 105 62
227 15 565 134 226 13 217 12 241 25 35 192 53 106 60 24 148 19 118 73 10 14 201 11 230 60 247 10 249 4 19 10 200
228 15 951 107 49 69 232 162 201 25 107 39 74 142 211 101 86 83 12 69 15 77 218 158 129 13 229 25 193 56 146 63 124
229 15 412 31 182 21 112 57 69 19 142 38 34 64 12 35 44 5 164 22 132 58 48 11 159 53 143 43 83 55 51 3 6
230 15 823 31 135 109 23 65 29 24 215 1 40 75 61 114 246 12 4 171 50 113 190 22 6 61 13 60 53 46 115 125 203
231 15 926 83 215 53 219 131 72 117 165 105 250 112 208 182 102 10 34 63 117 118 212 62 241 50 93 9 54 15 176 48 177
232 15 632 25 10 84 25 80 63 103 38 100 53 7 136 79 225 8 201 16 132 152 158 79 181 15 36 24 63 15 108 3 33
233 15 490 11 48 23 84 23 86 84 133 30 73 1 102 20 156 59 113 17 71 120 185 115 183 52 27 19 195 20 122 19 38
234 15 604 72 47 33 239 8 115 47 195 121 9 74 152 25 13 36 175 64 78 18 166 62 77 10 193 71 95 23 216 91 65
235 15 743 30 59 43 47 53 110 69 183 19 224 103 106 48 22 41 46 19 233 68 188 24 119 127 96 84 87 26 238 175 27
236 15 759 3 94 82 60 60 72 84 48 117 78 151 207 46 204 15 124 17 88 36 68 107 226 22 88 70 55 83 1 56 81
237 15 626 18 190 61 22 58 101 28 100 54 3 87 169 128 250 19 41 80 2 86 31 5 174 48 166 92 239 2 120 17 40
238 15 790 63 95 42 147 55 202 47 105 55 50 82 39 108 129 23 103 98 207 83 194 160 144 5 243 105 165 38 165 24 159
239 15 479 30 104 21 29 19 30 43 247 11 133 56 108 101 148 47 230 99 158 26 3 33 226 14 153 41 206 6 9 52 49
240 15 809 17 103 22 30 146 15 81 101 12 87 87 31 153 219 20 35 160 95 26 80 65 16 1 9 118 120 80 128 24 42
241 15 1067 149 169 4 180 19 129 27 19 54 195 144 132 152 153 46 52 69 36 1 160 159 178 104 211 64 110 232 135 110 217
242 15 897 176 244 137 45 114 12 166 172 19 123 72 147 22 133 96 59 8 78 89 227 11 98 40 79 100 14 59 96 13 10
243 15 825 149 119 70 148 97 52 49 84 28 94 39 211 69 2 157 245 26 206 47 191 7 2 38 193 25 44 149 130 82 80
244 15 782 120 63 78 20 44 187 52 147 45 163 86 39 10 123 36 236 7 117 93 39 123 54 48 112 156 222 66 234 14 57
245 15 534 118 8 20 19 62 131 35 38 7 96 6 42 6 20 92 139 70 170 33 188 78 12 33 145 80 206 19 63 9 137
246 15 940 31 217 164 218 87 92 8 210 1 189 127 219 43 92 79 145 76 177 40 155 123 113 135 33 59 152 101 8 102 94
247 15 662 29 4 22 224 9 237 56 82 135 233 37 42 17 1 67 87 13 61 35 190 175 55 58 85 89 129 5 80 81 19
248 15 707 98 150 53 81 16 185 19 197 56 52 78 172 127 155 94 162 13 198 46 187 93 211 135 211 10 139 32 32 14 173
249 15 464 77 230 71 75 33 15 68 232 7 151 53 22 30 248 30 71 35 227 29 141 5 114 12 195 14 144 35 87 82 174
250 15 686 50 126 52 10 55 146 16 198 151 250 88 23 118 24 8 184 32 30 69 87 90 178 17 125 32 136 23 146 57 106
