1 15 559 57 62 92 245 9 152 67 117 34 125 4 23 77 13 26 200 73 3 49 95 7 106 44 195 51 206 93 201 16 8
2 15 525 31 205 44 25 19 42 35 145 50 24 37 126 205 95 9 49 80 23 14 131 8 206 42 7 25 181 35 93 23 2
3 15 632 9 205 5 116 29 242 154 134 172 205 125 67 25 160 126 145 42 136 11 122 7 54 41 99 30 209 7 159 7 99
4 15 453 44 32 17 193 11 229 27 230 113 103 43 53 27 151 22 133 19 164 1 37 17 187 96 167 61 199 23 192 46 219
5 15 528 19 113 130 225 5 34 34 143 30 128 59 227 12 13 131 126 86 175 14 233 9 178 20 120 61 130 7 135 43 220
6 15 634 6 182 18 146 81 54 81 189 24 103 79 152 39 146 36 80 141 42 5 33 22 244 14 208 51 96 69 184 127 170
7 15 721 40 15 82 173 162 202 4 64 92 222 107 85 12 140 40 166 10 29 137 39 53 218 29 96 52 131 27 83 55 75
8 15 583 32 177 17 185 22 179 66 71 73 222 2 246 25 76 21 135 103 9 36 83 86 157 152 85 53 111 9 81 32 31
9 15 799 213 132 24 5 147 120 43 101 59 120 152 240 7 42 20 31 1 18 38 106 58 74 6 183 112 233 49 46 70 217
10 15 713 20 173 110 175 7 24 85 231 13 127 129 6 38 80 47 225 60 167 42 45 24 29 66 178 51 207 50 45 150 160
11 15 466 8 213 46 116 19 37 124 27 54 170 39 201 13 4 26 222 30 177 33 120 4 132 105 127 12 237 64 99 6 11
12 15 788 64 17 2 137 3 196 90 29 79 154 138 148 20 25 59 78 31 95 91 34 38 193 83 223 43 21 140 166 105 109
13 15 513 5 217 55 168 16 164 5 13 18 188 15 101 39 73 79 151 8 7 114 242 27 173 9 22 44 22 164 86 44 166
14 15 436 75 211 14 214 7 250 50 216 28 145 30 105 48 159 139 38 11 222 38 152 22 87 12 235 13 70 35 175 23 248
15 15 514 37 191 1 99 10 53 9 113 65 134 139 215 75 191 17 1 13 180 25 136 103 18 62 58 29 120 46 121 12 22
16 15 581 3 182 6 106 157 233 18 58 115 123 34 228 34 175 34 226 50 40 39 144 1 18 1 174 142 233 56 241 37 154
17 15 851 54 214 59 227 175 176 3 179 80 240 1 77 8 14 24 91 126 75 56 18 18 106 181 103 56 89 115 221 108 185
18 15 533 96 45 72 90 39 159 7 96 12 206 143 205 11 68 42 102 21 168 73 152 13 108 27 40 44 22 35 219 32 131
19 15 722 90 26 27 83 60 39 121 168 73 233 62 101 69 176 13 235 78 12 25 246 89 244 63 77 112 97 19 237 2 109
20 15 624 3 52 5 169 74 49 24 82 132 246 17 76 28 12 87 166 41 149 88 193 24 210 91 172 58 110 53 28 55 150
21 15 698 15 132 32 241 37 215 13 89 41 40 31 28 135 216 77 197 72 11 143 50 143 191 2 173 39 195 74 151 19 188
22 15 772 49 215 57 199 37 72 115 211 121 214 36 100 153 204 93 118 17 115 16 7 70 192 66 100 84 183 21 32 31 234
23 15 766 38 206 23 209 83 10 17 63 41 209 3 41 152 206 144 163 48 174 76 216 84 25 75 227 99 65 49 244 26 189
24 15 722 17 109 71 7 29 36 10 122 80 90 82 248 96 183 82 143 12 27 65 150 3 20 149 123 52 128 56 11 99 178
25 15 729 97 114 39 106 64 142 10 118 3 217 29 45 193 117 12 17 16 128 31 198 114 135 69 228 136 89 36 4 63 178
26 15 450 11 19 15 82 15 124 2 119 24 87 12 178 22 128 50 96 4 221 8 178 144 79 60 148 14 168 152 125 30 40
27 15 787 126 54 46 4 113 159 6 110 118 146 23 200 82 86 5 27 11 161 112 40 132 135 66 70 19 27 48 62 77 77
28 15 669 33 17 9 248 12 60 148 92 29 242 152 203 12 174 58 223 28 202 32 54 114 69 22 242 13 109 61 139 114 197
29 15 766 18 55 36 122 74 93 18 176 134 237 73 32 97 51 148 156 50 129 56 239 111 246 4 11 56 45 60 149 23 113
30 15 513 32 249 43 250 174 14 24 99 82 22 20 199 10 87 41 143 36 74 37 218 13 243 26 82 36 202 27 111 41 234
31 15 812 84 129 120 83 141 194 13 199 148 66 24 230 41 97 89 125 128 121 84 209 4 170 47 11 4 61 79 137 9 123
32 15 692 50 2 119 229 26 194 167 61 67 183 106 86 22 246 43 61 35 195 2 237 1 226 61 74 115 33 39 47 13 184
33 15 385 20 3 34 101 39 107 47 178 5 113 5 88 31 213 1 86 18 41 53 168 55 16 37 136 109 63 10 94 18 129
34 15 512 20 46 99 216 47 23 17 194 6 158 40 192 59 89 56 237 26 70 50 205 5 220 22 195 12 238 45 136 137 175
35 15 470 45 235 1 216 36 217 22 249 9 244 65 216 37 236 26 122 38 59 41 50 25 248 54 11 49 141 49 36 91 21
36 15 804 65 166 83 199 71 87 80 104 86 125 95 136 32 1 31 213 57 144 163 64 7 38 135 146 19 38 70 148 12 173
37 15 618 1 42 49 183 16 83 17 30 38 75 149 111 69 69 25 221 12 29 30 248 114 190 110 10 73 134 46 121 24 221
38 15 580 2 85 25 7 106 62 131 66 140 131 17 178 46 18 32 64 2 73 77 92 66 116 14 13 39 8 25 163 3 188
39 15 541 25 122 54 57 23 205 34 63 28 224 9 67 157 99 6 66 4 53 49 74 86 82 41 88 56 218 96 229 9 116
40 15 652 5 113 19 183 143 88 33 125 63 231 24 22 185 159 7 221 40 81 45 7 71 131 47 118 12 158 104 92 18 163
41 15 801 31 162 12 66 50 110 89 120 136 166 66 159 67 202 27 188 76 10 6 219 79 13 105 166 25 238 151 91 82 155
42 15 476 70 80 170 126 42 53 3 240 20 179 6 75 9 150 44 81 23 85 5 228 23 198 64 38 37 90 57 108 23 23
43 15 674 14 22 36 105 58 203 118 37 12 227 44 150 21 157 23 187 2 62 68 224 4 84 94 50 64 168 76 42 209 243
44 15 504 82 156 10 152 79 60 5 122 9 78 16 106 91 217 62 205 6 93 44 4 65 203 35 76 16 145 96 183 14 185
45 15 461 62 230 24 59 100 164 37 28 10 54 54 99 2 125 38 208 114 25 27 114 7 193 37 182 20 32 1 136 44 79
46 15 548 7 51 39 78 79 28 3 206 69 74 33 164 74 170 36 11 56 206 24 43 89 89 87 127 41 202 48 179 1 227
47 15 558 28 16 105 200 3 173 33 231 19 75 131 188 133 163 26 160 46 121 7 198 25 21 33 169 15 106 34 113 60 122
48 15 386 62 205 72 84 51 86 46 200 24 118 3 154 2 177 17 167 21 107 44 174 80 7 22 165 9 242 13 144 17 197
49 15 732 37 174 25 191 134 35 3 81 53 154 95 60 103 65 15 76 116 49 66 175 63 25 110 78 20 128 66 42 9 112
50 15 550 17 227 32 40 30 222 69 227 80 170 121 143 61 229 51 219 50 181 32 90 43 175 67 143 6 144 22 146 7 139
51 15 576 20 119 42 18 15 75 66 127 7 110 110 66 1 191 2 54 150 131 54 128 43 145 72 153 11 199 11 3 117 76
52 15 580 60 162 4 22 12 122 28 23 72 218 118 240 12 66 8 197 21 148 78 107 49 241 38 225 4 19 108 235 114 95
53 15 452 2 164 7 153 39 73 12 121 10 244 26 98 18 139 161 60 31 41 22 180 92 186 47 204 92 41 1 14 6 196
54 15 792 35 187 124 136 151 60 19 74 37 104 16 228 62 131 35 235 21 3 31 56 107 233 160 59 101 60 47 11 45 116
55 15 685 71 79 133 16 30 187 69 10 8 61 28 124 106 78 97 126 33 18 27 244 91 88 5 35 62 35 5 128 92 238
56 15 480 28 143 13 121 89 29 78 161 14 121 5 110 15 134 105 84 76 101 3 238 88 7 14 66 21 230 18 200 33 110
57 15 702 37 78 100 23 3 99 89 182 66 65 2 61 17 243 121 113 74 157 48 138 142 37 76 137 24 9 67 38 12 195
58 15 756 129 19 35 27 15 130 88 185 108 128 104 159 44 175 4 205 93 118 43 133 37 168 21 153 73 247 76 89 76 56
59 15 782 126 73 42 140 52 161 83 247 69 201 84 237 102 28 17 134 65 169 38 115 10 58 121 211 67 64 56 84 46 64
60 15 364 6 182 6 127 59 130 38 232 93 231 76 152 29 213 6 239 24 244 29 104 64 73 1 241 3 210 18 9 4 168
61 15 632 37 60 58 101 44 87 36 54 46 126 105 219 11 197 123 37 94 145 34 101 8 36 59 193 8 68 49 196 78 141
62 15 823 28 112 44 102 94 207 101 32 162 192 100 2 5 78 52 193 27 198 17 27 54 231 149 156 85 74 79 23 32 20
63 15 793 103 70 3 106 72 240 122 138 113 133 38 189 44 203 83 145 96 157 13 104 94 118 73 78 7 139 23 13 108 234
64 15 828 88 82 86 188 23 163 8 112 75 9 31 145 78 222 24 121 141 2 136 213 81 134 141 80 81 14 1 49 42 230
65 15 498 43 61 46 43 67 64 10 174 28 1 47 227 25 1 14 167 17 175 73 97 78 223 14 168 82 111 23 46 56 220
66 15 391 10 72 53 19 8 235 32 141 54 247 10 101 43 210 37 64 15 238 45 230 26 23 44 134 65 169 22 54 25 121
67 15 764 9 189 91 151 35 146 96 140 68 219 102 46 23 146 94 125 148 206 46 221 48 60 109 146 5 231 79 78 3 112
68 15 496 23 49 5 184 129 245 67 137 33 20 9 171 50 175 62 66 32 221 49 93 13 76 9 201 22 41 56 67 62 112
69 15 393 16 226 1 156 8 14 4 249 28 39 179 193 76 33 19 135 7 239 33 180 25 113 51 168 11 171 32 201 2 149
70 15 786 25 16 49 94 3 111 144 143 44 93 109 175 62 80 108 244 67 75 182 173 65 210 55 161 31 238 16 183 23 150
71 15 663 3 74 58 127 8 125 95 17 11 72 34 152 115 134 12 105 55 5 46 233 34 22 116 75 174 241 55 59 13 231
72 15 436 78 205 19 139 88 166 32 114 20 112 67 105 5 225 42 79 7 10 20 227 98 191 18 82 16 205 25 76 11 162
73 15 548 73 22 158 129 84 83 5 65 9 175 7 89 12 175 66 27 10 148 1 32 16 144 24 218 105 15 21 193 94 20
74 15 655 15 134 70 142 81 152 6 107 49 51 124 233 51 229 54 224 118 36 22 110 43 135 19 211 10 187 38 60 119 105
75 15 723 21 19 118 227 67 78 123 242 97 25 20 148 37 18 2 223 140 215 7 171 8 6 53 229 70 39 88 223 53 250
76 15 831 48 154 31 119 78 194 29 10 41 118 40 174 88 79 183 139 141 183 83 64 74 175 35 225 84 13 49 3 35 242
77 15 445 6 37 23 30 98 130 42 118 71 43 31 1 17 146 38 115 5 73 20 198 6 183 52 34 14 54 59 177 75 39
78 15 637 20 11 35 226 107 54 113 219 167 25 49 175 25 83 34 220 36 10 12 97 12 119 31 36 68 4 17 8 71 247
79 15 408 8 146 54 13 14 99 7 107 19 245 43 22 1 106 49 65 46 19 36 157 45 187 37 123 8 144 67 75 76 86
80 15 644 63 102 11 115 15 38 56 21 70 242 66 67 15 241 43 7 4 28 69 68 70 66 53 115 129 67 116 154 26 29
81 15 664 30 67 83 59 131 222 34 75 12 188 105 240 45 218 66 150 29 120 79 108 38 235 60 205 52 7 55 183 12 31
82 15 587 114 141 60 152 20 50 16 16 37 120 78 86 57 20 27 33 42 69 52 29 114 55 29 31 3 218 40 72 45 80
83 15 534 117 12 61 26 64 10 84 28 6 9 72 18 9 11 17 142 48 191 4 147 37 82 18 186 107 98 12 247 12 39
84 15 480 10 113 16 52 38 67 76 109 9 50 24 144 59 85 53 108 36 94 69 189 114 16 21 240 12 96 21 32 43 66
85 15 760 31 180 50 192 24 51 37 240 17 247 90 82 77 186 123 158 11 187 121 196 28 136 109 137 95 14 124 164 13 132
86 15 833 78 7 41 230 33 226 34 217 132 41 34 88 71 138 113 73 219 104 58 34 26 244 108 196 10 186 31 247 54 174
87 15 669 13 181 119 171 71 178 48 154 23 193 10 242 61 95 67 100 166 163 60 197 45 32 34 248 44 66 30 167 46 244
88 15 575 17 27 112 208 47 153 17 6 3 84 41 152 53 54 51 214 18 187 86 141 44 240 61 26 108 240 47 98 14 93
89 15 628 12 20 124 53 80 130 9 122 14 111 69 12 42 242 81 9 114 53 75 125 18 238 86 168 5 60 17 232 40 68
90 15 765 28 130 78 91 18 4 49 92 131 220 87 50 17 97 17 27 60 160 73 142 94 136 46 244 48 63 86 30 125 206
91 15 570 2 9 1 84 38 230 95 118 56 55 8 99 58 149 99 9 91 194 5 101 2 68 30 181 19 166 203 20 6 167
92 15 628 94 174 42 242 23 190 51 202 8 23 43 20 20 243 52 205 34 60 15 1 76 7 75 5 31 4 23 165 199 226
93 15 487 3 204 21 83 28 78 11 165 51 94 20 145 74 71 5 245 17 164 158 14 78 154 32 69 56 198 30 160 25 142
94 15 461 22 84 11 7 16 168 125 159 45 97 8 220 4 179 136 177 18 52 34 193 17 203 19 237 54 118 16 80 52 41
95 15 673 60 114 55 118 2 123 17 202 8 210 112 66 65 16 67 107 37 139 16 171 185 196 51 153 23 132 132 117 12 48
96 15 598 27 201 10 156 34 71 118 195 61 26 12 29 27 70 87 172 21 218 77 62 21 17 77 82 92 112 81 53 3 240
97 15 492 4 95 25 221 23 96 64 159 88 239 54 205 23 138 63 104 2 228 23 20 98 60 61 214 1 175 25 2 62 86
98 15 484 10 238 37 247 6 113 1 92 3 42 62 93 67 79 45 3 20 99 62 31 13 78 155 238 21 188 72 250 32 104
99 15 513 20 175 6 204 34 52 26 102 92 33 52 23 57 58 65 45 6 215 11 82 88 191 28 202 28 179 63 43 66 227
100 15 543 26 221 13 95 2 182 68 239 53 152 10 161 78 132 80 64 72 78 24 12 37 25 14 171 140 161 18 116 44 176
101 15 661 164 16 16 229 124 40 37 3 37 22 115 165 60 135 20 4 80 162 11 38 2 167 4 4 7 72 47 196 103 34
102 15 596 28 14 6 101 97 44 22 47 45 133 12 144 80 74 37 8 56 224 69 83 110 204 45 94 41 102 66 200 31 230
103 15 715 29 155 43 14 7 229 81 198 98 193 32 175 131 125 19 187 13 66 15 96 84 103 146 110 25 174 157 229 14 234
104 15 526 44 194 20 242 6 128 2 129 130 100 28 180 148 218 13 100 23 198 42 142 92 114 4 43 18 139 69 143 19 11
105 15 818 31 78 149 249 38 157 28 152 88 124 5 26 104 81 38 156 22 36 116 77 225 3 38 179 39 18 78 80 24 124
106 15 484 46 194 52 29 28 6 80 214 32 116 20 211 13 230 56 145 43 131 25 32 65 214 1 98 95 199 36 247 13 145
107 15 591 59 101 137 181 44 187 1 3 28 181 78 15 56 21 6 112 21 128 68 70 17 148 19 120 142 38 3 55 60 238
108 15 732 41 54 38 49 18 138 130 96 69 92 129 109 143 46 42 167 12 126 95 216 119 62 4 238 11 186 6 150 58 80
109 15 599 5 47 41 75 84 74 39 205 38 183 62 111 23 248 43 167 23 103 87 33 40 234 121 191 26 237 1 171 116 68
110 15 782 20 84 20 127 101 169 119 97 176 82 15 236 30 24 36 38 47 136 39 216 68 107 176 137 38 221 37 109 56 213
111 15 710 131 129 36 233 46 234 34 95 16 69 178 245 6 166 49 14 77 151 48 212 77 143 102 99 46 24 19 207 23 107
112 15 496 147 223 22 16 20 213 24 135 10 135 18 98 50 19 39 32 44 24 62 144 31 13 3 99 54 169 68 78 29 25
113 15 730 122 126 16 12 136 5 43 150 73 78 126 238 10 67 101 94 30 241 9 178 1 227 18 47 81 61 43 178 104 105
114 15 815 109 100 14 74 68 199 100 123 17 42 32 166 31 215 106 246 1 47 103 88 96 177 52 195 106 233 111 7 73 205
115 15 920 33 210 156 65 81 78 22 79 101 216 53 226 65 80 79 178 145 248 161 155 77 248 91 43 71 207 14 248 1 187
116 15 899 68 213 97 32 25 40 54 35 47 2 2 71 79 38 62 195 24 90 198 61 107 187 96 104 94 248 120 194 51 234
117 15 608 73 42 91 145 66 28 30 58 39 66 20 219 29 133 56 121 33 145 39 240 140 29 38 108 82 65 17 200 8 184
118 15 557 90 71 12 154 11 179 49 86 3 4 49 60 25 50 59 195 155 116 66 137 28 71 7 71 8 23 44 157 91 132
119 15 622 81 176 68 158 41 70 18 114 52 64 54 167 54 168 77 132 25 37 101 154 66 242 13 30 3 47 37 177 88 235
120 15 717 26 7 15 84 19 246 166 212 36 128 51 20 88 81 49 167 9 135 114 192 83 132 60 194 162 162 7 88 12 39
121 15 689 66 192 74 85 68 210 119 14 47 19 14 47 52 209 6 204 5 104 63 66 64 160 87 246 74 71 107 6 16 36
122 15 635 6 242 99 242 45 245 10 121 10 57 23 210 6 215 63 36 101 77 150 212 74 127 12 242 161 15 21 53 13 100
123 15 628 14 129 88 16 80 48 6 108 18 71 33 13 92 179 6 25 87 209 15 19 86 176 76 158 4 205 95 102 85 187
124 15 680 47 234 47 120 31 249 53 27 69 148 31 156 31 76 39 39 74 96 136 57 80 50 26 37 5 227 160 240 22 82
125 15 448 2 243 113 112 24 96 15 210 9 200 52 208 9 14 79 18 97 141 27 157 18 9 3 192 37 15 22 40 54 98
126 15 810 56 208 42 143 179 99 65 18 102 20 45 204 77 8 59 187 7 220 15 180 101 77 138 225 90 110 19 3 18 240
127 15 580 95 218 25 157 11 26 13 13 75 83 24 84 135 227 61 40 90 41 12 222 4 215 40 214 8 172 2 23 131 35
128 15 425 18 150 17 24 22 30 9 154 5 48 32 199 61 4 77 58 36 164 15 18 53 215 36 155 6 184 108 49 37 95
129 15 449 17 47 1 46 181 89 18 170 9 115 127 122 9 240 7 91 35 116 9 171 41 115 18 187 78 89 3 115 9 89
130 15 607 80 101 37 6 137 143 13 42 67 163 53 84 2 42 42 148 2 233 74 223 110 91 44 133 39 39 44 148 15 55
131 15 667 17 133 106 206 7 169 43 140 2 130 130 127 70 67 12 63 105 215 105 9 77 142 5 88 109 192 41 72 5 110
132 15 665 4 210 31 243 22 104 77 211 44 138 86 2 21 159 32 181 28 89 50 216 62 155 58 61 18 161 120 151 179 12
133 15 572 25 14 100 137 38 247 39 61 6 99 25 244 27 41 15 64 60 183 7 100 64 160 7 211 204 124 6 27 93 4
134 15 610 81 198 76 17 143 73 25 1 15 28 97 108 42 214 30 79 28 123 20 236 50 23 12 115 129 212 8 159 7 66
135 15 657 22 32 4 11 114 87 212 58 2 210 29 157 17 69 91 185 124 13 42 6 91 33 8 243 2 117 63 92 1 11
136 15 511 4 114 125 59 63 42 72 204 110 6 1 77 58 244 12 143 13 13 11 157 43 187 31 133 44 19 37 16 15 66
137 15 778 76 4 12 82 62 60 155 225 118 100 22 85 59 84 72 227 45 194 8 151 18 128 87 92 108 116 40 185 91 160
138 15 864 119 184 107 89 49 114 105 197 41 175 24 104 134 81 46 201 50 222 66 20 89 16 92 195 58 179 64 194 36 191
139 15 642 4 214 50 129 88 87 100 120 34 208 123 29 24 222 21 6 12 100 114 93 91 112 33 80 9 244 19 159 81 123
140 15 748 17 112 26 33 131 195 133 175 7 239 5 170 46 83 58 120 133 135 150 41 45 143 44 31 38 152 36 144 66 51
141 15 700 23 37 12 149 13 84 193 82 27 52 138 207 26 192 68 247 81 26 48 83 11 158 86 151 40 138 99 24 10 164
142 15 432 2 148 51 63 78 100 72 145 36 217 1 214 65 108 43 102 51 200 43 140 6 211 27 53 32 40 4 92 30 237
143 15 685 9 243 142 6 51 233 57 212 68 156 10 37 28 210 31 137 37 54 95 66 105 115 134 168 26 95 55 207 9 106
144 15 403 8 190 5 156 17 158 14 106 34 100 7 118 76 125 48 211 30 120 43 46 56 197 79 216 29 92 40 139 18 192
145 15 423 32 74 36 167 19 91 34 181 5 109 71 82 49 9 8 151 18 56 29 37 10 228 36 218 113 108 13 105 56 96
146 15 651 9 74 51 141 108 108 3 39 99 33 36 90 56 151 32 237 50 52 29 150 54 57 153 177 23 211 29 170 82 147
147 15 810 35 108 109 68 60 146 124 74 47 109 115 46 41 174 50 182 62 182 43 160 46 210 74 109 6 15 72 100 129 212
148 15 518 40 103 22 37 82 143 70 45 26 191 21 194 36 17 11 109 10 174 51 94 76 112 82 65 40 104 21 9 60 153
149 15 600 33 26 24 9 84 28 26 246 125 135 17 49 17 99 74 177 12 25 52 106 50 136 67 115 74 154 42 194 54 222
150 15 616 1 101 65 188 89 171 111 61 9 163 41 68 2 4 40 143 52 111 37 157 72 206 11 156 67 90 16 67 158 226
151 15 427 3 172 90 4 23 223 3 209 43 12 34 145 29 244 10 164 74 111 128 189 9 59 27 78 31 176 16 250 14 99
152 15 571 90 225 90 135 91 110 32 91 27 93 106 141 20 68 2 102 44 145 55 211 63 103 10 106 28 136 21 88 35 56
153 15 515 37 248 37 188 14 230 117 56 17 22 80 164 17 120 16 236 96 178 6 208 18 17 39 104 91 148 58 82 1 87
154 15 673 65 53 42 203 94 86 20 160 6 146 13 3 192 67 85 168 69 199 41 168 45 104 12 166 101 169 45 172 12 225
155 15 790 37 224 71 91 84 16 79 120 137 35 47 83 103 232 98 244 52 151 32 185 85 10 92 35 5 94 15 129 51 246
156 15 634 38 47 52 77 198 70 79 137 45 46 7 73 8 85 18 112 74 146 43 31 50 105 14 96 16 239 141 157 10 233
157 15 506 20 191 16 88 3 184 41 90 78 247 14 42 20 149 4 138 82 132 119 13 99 33 3 210 109 87 7 40 18 249
158 15 324 29 9 12 31 27 205 9 138 35 212 42 35 24 152 20 64 27 234 44 81 16 79 9 132 64 38 43 64 5 120
159 15 595 42 250 123 60 145 120 32 177 15 19 129 145 19 133 55 231 41 210 49 199 2 17 13 88 13 103 53 128 13 74
160 15 632 53 200 109 184 97 170 86 140 78 90 121 190 21 34 28 238 16 147 27 188 34 227 46 91 60 38 12 23 3 60
161 15 711 112 155 40 40 176 46 12 164 17 219 102 210 16 127 42 226 28 95 12 10 58 239 31 65 99 22 108 198 36 160
162 15 553 20 149 11 148 68 115 42 32 127 194 30 131 32 193 7 164 12 40 2 147 82 127 98 152 123 80 32 30 6 55
163 15 699 80 75 32 204 34 186 62 63 8 39 127 173 45 165 25 64 36 129 60 194 47 119 27 242 21 37 155 177 115 95
164 15 628 72 91 21 43 3 57 15 110 56 244 61 20 70 24 142 109 59 104 17 46 128 29 4 78 31 134 28 33 78 113
165 15 557 2 61 7 16 42 232 14 37 135 205 88 96 48 197 35 128 24 171 39 237 107 32 10 239 45 36 42 187 59 50
166 15 890 19 162 132 50 80 158 1 67 182 199 4 124 113 225 161 154 8 250 4 57 179 53 33 208 135 94 54 211 8 47
167 15 480 53 20 32 19 11 160 29 122 4 95 91 106 12 180 33 250 31 207 77 242 66 16 56 159 21 24 20 137 64 88
168 15 714 79 51 29 158 79 155 26 97 35 170 78 140 46 196 168 53 69 38 16 153 54 133 20 70 11 141 32 29 151 72
169 15 828 73 52 115 120 24 249 16 19 50 33 13 133 63 2 93 224 61 27 92 233 138 132 100 4 72 209 27 37 99 54
170 15 639 46 180 58 105 54 207 5 115 130 160 33 164 69 120 46 229 44 197 11 249 4 20 177 193 39 145 13 250 70 43
171 15 560 36 85 21 33 97 235 11 151 78 64 40 106 14 158 24 203 35 106 125 27 36 121 52 234 21 173 90 81 21 214
172 15 494 20 142 98 127 8 209 113 19 112 66 34 204 11 245 28 57 25 174 58 145 30 2 21 58 26 175 12 92 22 70
173 15 922 184 219 19 78 56 101 85 237 56 191 156 119 10 172 16 196 69 57 44 32 73 198 132 248 40 120 86 225 127 49
174 15 507 50 19 18 139 41 212 25 162 28 226 31 131 7 148 67 163 82 132 41 163 157 113 24 76 18 110 30 11 15 44
175 15 576 76 147 6 129 62 217 28 220 32 227 95 21 54 156 5 146 121 132 50 189 29 178 12 229 138 191 5 2 7 49
176 15 664 19 109 9 45 91 116 84 203 64 242 3 56 41 220 70 190 16 37 191 214 2 217 94 177 22 196 69 134 55 139
177 15 505 23 235 29 152 29 102 22 89 112 92 38 173 5 171 45 189 34 30 2 51 51 126 154 63 56 175 30 130 2 65
178 15 643 161 44 85 77 5 135 21 16 57 240 15 72 77 235 6 45 9 73 40 147 141 249 32 233 84 62 21 186 50 219
179 15 759 195 51 85 179 108 56 74 23 57 149 70 235 20 206 1 99 8 233 62 236 13 87 152 13 51 186 15 118 38 206
180 15 564 45 98 84 83 42 193 36 44 102 235 45 99 11 165 169 21 6 82 73 131 5 26 60 218 5 6 4 103 19 185
181 15 463 26 108 94 47 13 198 12 219 50 75 72 81 6 193 25 76 168 136 70 128 6 184 3 206 3 37 20 165 11 139
182 15 500 53 64 40 169 53 172 45 244 5 206 8 28 1 209 91 175 11 127 91 148 93 147 85 41 1 243 32 28 16 148
183 15 570 37 33 20 12 17 147 107 205 10 151 23 92 95 37 23 134 161 77 71 14 4 138 25 195 33 17 55 127 32 140
184 15 767 24 184 82 133 165 134 44 218 28 49 66 141 28 229 45 240 2 113 34 3 7 56 113 29 47 181 146 248 128 50
185 15 549 56 147 44 88 20 186 92 175 24 244 5 247 124 161 27 156 17 70 40 137 70 31 112 5 14 1 10 6 32 29
186 15 556 2 100 43 97 3 173 44 122 74 184 67 204 60 8 32 245 1 191 103 129 110 150 72 220 12 31 46 90 26 245
187 15 484 14 220 34 76 10 15 67 200 3 14 48 147 10 17 18 169 144 182 71 103 50 186 52 219 41 182 36 22 7 139
188 15 463 34 244 17 250 56 74 73 174 99 116 6 190 9 44 31 206 63 244 2 234 90 35 9 78 3 143 8 9 79 122
189 15 634 58 78 99 55 77 11 33 247 84 63 110 243 49 93 59 29 55 230 3 9 33 157 17 234 45 174 34 127 37 168
190 15 568 80 222 81 31 140 49 104 128 2 145 49 18 4 109 41 2 105 99 2 86 47 48 44 24 4 217 4 27 4 75
191 15 623 29 7 11 87 44 26 56 158 59 15 66 180 127 178 71 42 6 48 64 123 98 100 50 217 5 239 83 200 10 126
192 15 661 38 178 23 226 114 64 29 199 4 141 84 50 76 220 89 230 36 194 62 30 83 12 65 78 93 197 8 244 23 250
193 15 673 22 177 125 200 70 188 52 31 3 121 28 105 20 230 33 28 96 222 14 206 42 131 51 21 108 117 26 123 152 26
194 15 628 58 83 90 96 41 39 33 78 56 153 58 124 28 43 15 233 9 25 41 233 72 57 59 115 26 204 107 230 92 65
195 15 525 88 116 103 182 23 139 40 67 56 47 30 90 12 24 12 72 22 124 17 245 122 171 25 31 16 217 12 174 79 151
196 15 665 99 106 27 166 32 150 5 222 46 182 13 173 32 220 23 182 18 174 137 200 81 138 167 219 108 216 3 247 41 22
197 15 701 41 125 143 85 127 204 21 20 40 43 27 38 84 6 47 62 87 23 99 69 26 34 80 115 26 97 2 190 27 96
198 15 480 80 10 57 128 10 218 28 250 36 117 36 246 17 4 23 119 35 118 51 21 39 80 59 88 123 153 2 214 4 18
199 15 535 16 49 102 168 94 166 47 54 21 95 71 83 25 161 9 7 9 229 27 36 82 154 25 231 29 210 99 160 13 194
200 15 609 44 11 31 188 90 250 10 46 53 88 14 147 4 82 89 208 60 234 56 117 61 113 170 179 58 146 5 186 17 178
201 15 693 80 160 37 16 59 100 124 3 24 162 136 194 205 163 3 190 21 130 41 151 33 83 22 204 12 234 43 220 27 32
202 15 448 98 59 31 229 105 62 40 35 25 35 13 217 12 241 25 35 24 148 19 118 73 10 14 201 11 230 60 247 10 249
203 15 612 35 88 4 19 10 200 35 186 107 49 69 232 39 74 40 249 101 86 83 12 69 15 77 218 58 243 13 229 25 193
204 15 524 24 177 105 4 63 124 21 112 57 69 19 142 38 34 64 12 22 132 77 34 11 159 53 143 43 83 55 51 3 6
205 15 781 31 135 109 23 65 29 24 215 1 40 75 61 114 246 12 4 22 6 53 219 105 250 112 208 182 102 10 34 62 241
206 15 580 9 54 15 176 48 177 35 212 25 10 84 25 80 63 103 38 100 53 7 136 79 225 8 201 16 132 93 169 24 63
207 15 565 53 72 69 250 3 33 79 122 11 48 23 84 23 86 84 133 30 73 1 102 20 156 59 113 17 71 120 185 115 183
208 15 475 19 195 74 98 19 38 36 193 72 47 33 239 8 115 47 195 25 13 36 175 64 78 18 166 62 77 10 193 71 95
209 15 719 91 65 77 75 33 202 43 47 53 110 69 183 19 224 103 106 48 22 41 46 19 233 68 188 24 119 127 96 84 87
210 15 793 37 145 26 238 175 27 36 184 3 94 82 60 60 72 84 48 117 78 151 207 46 204 15 124 17 88 36 68 107 226
211 15 564 41 68 22 88 70 55 83 1 56 81 33 240 18 190 61 22 58 101 28 100 54 3 30 59 128 250 19 41 5 174
212 15 652 20 77 48 166 92 239 2 120 17 40 6 8 55 202 47 105 55 50 23 103 98 207 83 194 160 144 5 243 105 165
213 15 470 105 210 38 165 24 159 21 29 19 30 43 247 11 133 56 108 99 158 26 3 33 226 14 153 41 206 6 9 52 49
214 15 667 17 103 22 30 12 87 87 31 153 219 20 35 127 13 6 130 170 133 80 128 24 42 16 2 19 129 27 19 54 195
215 15 873 136 113 144 132 152 153 46 52 69 36 1 160 64 110 46 137 7 41 34 53 114 12 166 172 19 123 72 147 22 133
216 15 598 8 78 89 227 11 98 40 79 100 14 6 79 13 10 16 115 97 52 49 84 28 94 39 211 69 2 157 245 26 206
217 15 641 7 2 38 193 25 44 100 153 29 25 78 20 64 62 28 249 45 163 86 39 10 123 36 236 7 117 93 39 156 222
218 15 464 39 175 17 86 14 57 8 205 62 131 35 38 7 96 6 42 6 20 92 139 70 170 33 188 78 12 33 145 80 206
219 15 498 9 137 1 71 34 125 33 1 1 189 79 145 123 113 135 33 59 152 15 90 29 4 22 224 9 237 56 82 18 118
220 15 656 17 1 67 87 13 61 35 190 175 55 58 85 81 19 23 18 1 216 53 81 16 185 19 197 56 52 79 210 127 155
221 15 508 10 62 19 19 13 198 46 187 93 211 135 211 12 172 32 32 14 173 71 75 33 15 68 232 7 151 53 22 30 248
222 15 618 35 227 29 141 5 114 12 195 14 144 35 87 82 174 39 34 50 126 74 191 25 128 16 198 151 250 88 23 118 24
223 15 664 32 30 69 87 90 178 17 125 32 136 23 146 57 106 43 150 82 247 100 227 17 67 67 194 35 45 45 41 121 205
224 15 606 10 35 20 47 5 12 37 94 74 153 127 212 103 138 112 189 14 3 35 39 18 139 1 128 45 141 42 227 115 210
225 15 492 24 166 74 176 11 204 121 56 1 139 54 147 38 131 97 121 33 72 36 100 10 118 28 164 40 184 9 106 40 44
226 15 440 26 37 24 16 18 87 53 246 15 227 46 89 19 135 48 194 4 30 5 88 55 109 29 163 74 248 117 133 18 103
227 15 657 63 188 66 231 36 35 110 108 3 116 35 148 46 111 106 70 38 232 50 153 85 243 62 200 32 178 41 24 49 40
228 15 684 79 186 49 64 18 201 55 2 132 244 48 141 44 86 122 45 84 150 6 218 2 171 21 76 112 233 73 201 10 191
229 15 569 14 1 19 71 32 233 25 166 65 179 34 108 68 84 105 76 71 169 21 87 26 74 1 140 77 13 31 100 123 30
230 15 532 45 121 25 223 64 16 18 100 130 149 102 21 57 241 6 136 33 49 79 115 16 80 10 226 13 239 65 91 2 46
231 15 652 95 173 29 155 70 10 34 176 45 68 44 145 29 52 91 33 87 181 17 213 53 227 76 106 71 217 66 55 8 183
232 15 675 46 163 99 173 4 40 25 233 14 85 7 238 56 120 41 108 166 85 134 100 147 64 37 51 11 248 9 176 48 112
233 15 955 92 97 164 88 33 190 5 234 132 181 120 106 6 134 128 85 23 83 84 229 94 213 49 66 95 26 117 208 52 26
234 15 800 10 57 130 52 43 111 138 209 97 61 116 129 36 31 27 65 54 56 68 179 54 8 21 144 37 146 53 111 116 161
235 15 608 69 171 34 161 38 243 18 157 9 20 48 85 55 217 99 78 1 231 59 154 27 246 60 129 66 82 91 131 86 86
236 15 614 121 228 61 74 11 77 86 225 23 243 5 10 6 249 73 119 115 98 65 140 16 29 115 26 29 2 22 107 20 232
237 15 525 7 213 103 199 89 147 67 42 34 81 62 59 9 13 16 245 10 131 18 89 67 17 40 102 65 139 69 43 1 73
238 15 541 100 76 5 173 5 126 9 141 9 141 25 191 21 161 35 94 19 57 155 245 81 166 76 48 32 123 56 134 49 245
239 15 629 122 150 2 163 73 198 108 121 8 25 41 218 16 128 9 8 132 242 109 79 19 112 46 101 7 120 87 214 8 227
240 15 632 40 241 75 48 82 93 4 215 103 130 66 123 127 30 41 48 16 3 81 240 23 173 38 227 14 8 61 45 19 53
241 15 468 24 214 108 105 23 103 61 235 49 84 36 229 51 67 38 9 16 31 50 3 30 160 27 15 60 227 9 53 4 33
242 15 524 89 229 33 143 115 153 19 128 40 130 29 149 31 74 36 201 20 208 28 145 143 182 6 143 31 136 13 138 22 16
243 15 440 4 193 82 113 18 172 37 201 50 133 133 48 7 3 47 7 4 247 45 87 3 50 11 40 13 77 28 247 69 50
244 15 551 19 108 14 41 66 26 56 212 36 52 16 226 54 13 134 178 89 41 120 5 8 238 15 29 21 17 33 77 8 67
245 15 468 8 91 57 118 34 213 70 24 50 180 38 114 14 231 68 53 5 180 100 21 20 232 54 115 13 113 40 49 14 202
246 15 728 165 14 79 175 12 69 31 76 28 200 56 18 55 124 21 212 84 232 39 164 87 133 36 104 87 99 80 167 51 216
247 15 836 90 82 43 51 169 38 73 72 96 58 186 208 51 219 120 110 4 60 60 74 42 120 20 128 42 48 49 214 1 159
248 15 543 14 42 116 214 141 153 29 44 71 211 92 149 35 73 2 247 14 142 69 180 9 26 18 53 12 28 54 186 3 241
249 15 508 37 113 11 169 3 191 29 184 92 166 9 83 53 52 3 154 113 149 27 182 87 155 53 179 15 81 25 227 78 27
250 15 739 16 245 19 82 198 144 31 117 7 38 20 150 77 195 10 50 5 130 155 42 145 5 65 213 65 30 95 225 16 175
