1 15 763 57 62 118 159 9 152 45 184 34 125 132 148 6 58 167 190 55 211 4 23 85 212 55 27 73 3 107 1 7 106
2 15 889 57 31 44 195 51 206 73 88 62 60 50 173 188 55 39 50 86 109 209 173 83 208 7 89 31 205 99 51 33 33
3 15 1199 19 42 35 145 226 133 172 214 89 19 205 1 189 5 91 178 120 206 98 159 80 23 14 131 8 206 42 7 111 195
4 15 841 25 181 35 93 103 67 82 85 23 2 24 108 52 5 78 168 152 29 168 229 9 205 5 116 151 165 25 193 120 162
5 15 1189 29 242 154 134 109 79 183 93 36 64 141 126 196 136 7 46 91 16 101 90 153 134 11 122 7 54 164 78 105 164
6 15 797 142 139 73 146 30 209 7 159 106 74 139 173 110 86 40 158 113 103 43 53 27 151 22 133 127 232 1 37 17 187
7 15 799 61 199 79 79 36 63 183 212 73 212 23 192 46 219 2 170 19 113 130 225 113 246 65 217 30 128 127 186 12 13
8 15 731 86 175 14 233 9 178 20 120 61 130 7 135 61 208 18 146 81 54 81 189 24 103 79 152 150 86 184 161 39 146
9 15 1198 95 119 51 121 145 122 9 32 80 35 94 19 190 39 71 106 119 80 182 80 121 79 14 208 51 96 204 41 72 206
10 15 1138 205 28 192 123 98 221 50 129 118 78 35 154 13 78 35 122 190 211 82 173 177 89 4 64 92 222 20 65 112 185
11 15 900 12 140 40 166 181 41 64 212 10 29 35 13 16 174 43 109 53 218 116 98 103 101 154 222 132 3 25 131 142 49
12 15 1133 80 4 29 13 120 235 72 224 220 196 158 73 165 140 29 201 32 177 17 185 25 189 116 123 159 189 122 139 73 222
13 15 668 25 76 112 230 103 9 36 83 25 31 37 27 94 10 9 81 32 31 10 151 213 132 24 5 40 83 16 208 59 120
14 15 1057 7 42 20 31 44 55 128 60 74 214 159 164 141 134 137 121 1 72 142 123 131 139 102 202 143 139 59 39 34 48
15 15 978 20 173 187 122 7 9 76 28 58 56 31 166 13 127 129 6 38 80 47 225 90 103 128 209 124 227 205 215 70 216
16 15 1103 174 200 162 158 95 31 50 45 150 160 46 116 19 37 124 27 114 190 39 201 13 4 125 221 30 177 33 120 205 182
17 15 1068 4 132 105 127 93 120 175 187 6 11 17 144 64 17 2 137 20 248 192 161 178 98 95 23 129 144 138 148 117 231
18 15 1402 161 105 59 78 31 95 79 85 166 68 82 57 107 162 136 46 172 184 91 34 38 193 83 223 242 6 123 122 183 208
19 15 929 93 5 85 245 105 109 68 46 104 16 138 22 5 217 55 168 16 164 5 13 144 233 60 49 39 73 72 151 173 192
20 15 1266 98 52 203 102 9 162 226 7 8 7 201 57 124 175 72 137 210 82 9 22 44 22 114 29 57 202 164 86 44 166
21 15 843 177 84 36 82 108 100 35 62 40 130 14 214 7 250 50 216 28 145 91 140 68 128 30 105 123 126 199 97 48 159
22 15 853 11 222 68 213 22 87 166 75 70 82 74 216 190 86 40 250 67 43 65 241 52 241 31 246 12 197 134 10 65 134
23 15 1089 18 171 36 112 180 176 173 13 152 239 45 111 87 207 88 234 161 113 76 138 113 84 55 143 146 79 19 139 13 180
24 15 1008 32 108 25 136 103 18 62 58 29 120 46 121 112 98 215 153 110 122 37 173 3 182 6 106 214 11 110 36 157 233
25 15 852 115 123 36 217 34 175 54 217 41 115 39 224 108 201 210 172 85 232 178 61 53 141 39 144 1 18 1 174 71 144
26 15 1040 142 233 76 123 33 198 56 241 142 106 136 158 37 154 185 89 50 18 24 52 64 76 153 248 80 240 1 77 121 194
27 15 1152 52 93 44 75 87 243 26 38 44 90 24 91 126 75 113 195 128 99 95 85 18 106 181 103 56 89 222 103 225 223
28 15 1031 90 8 30 171 60 39 118 1 108 185 8 191 199 173 77 175 96 45 110 94 48 186 124 179 39 159 7 96 175 239
29 15 1224 45 60 71 73 16 179 118 108 11 68 192 80 204 27 189 66 235 230 187 178 124 220 55 180 13 108 27 40 44 22
30 15 1144 32 131 201 224 128 20 202 130 73 233 169 189 69 176 13 235 78 12 180 226 89 244 63 77 112 97 19 237 2 109
31 15 1116 231 39 10 118 123 124 175 246 74 49 103 227 104 220 68 216 207 79 17 76 28 12 87 166 41 149 103 163 24 210
32 15 1064 124 144 91 172 58 110 53 28 71 53 72 121 55 150 85 12 132 215 85 219 120 1 63 113 37 215 91 63 193 106
33 15 1320 41 40 114 220 178 200 46 1 35 107 125 24 53 130 203 108 50 194 143 50 143 191 214 94 39 236 228 249 39 195
34 15 1289 172 64 74 151 187 142 163 179 19 188 120 232 49 215 57 199 37 72 161 136 121 214 49 34 145 26 99 158 159 93
35 15 812 17 115 16 7 70 192 66 100 84 183 54 230 98 163 49 90 31 234 1 233 38 206 173 228 124 30 183 59 11 149
36 15 719 81 165 169 223 41 209 3 41 148 39 63 52 26 7 88 195 48 174 76 216 56 129 7 43 66 2 25 126 2 56
37 15 1374 157 54 151 209 99 65 84 142 109 155 152 80 136 241 153 205 91 38 193 92 35 165 54 66 26 189 108 133 170 168
38 15 1046 87 57 145 162 160 146 71 7 29 36 63 241 161 171 7 69 82 205 82 248 71 183 34 224 203 155 82 143 31 2
39 15 940 122 100 5 116 160 78 65 150 3 20 149 123 79 154 24 216 52 128 56 11 218 125 3 38 73 53 30 61 137 57
40 15 892 64 142 128 122 10 120 10 118 153 242 16 224 3 217 29 45 193 117 12 17 16 128 123 220 190 129 52 18 116 181
41 15 1101 244 15 71 26 136 89 36 4 63 178 53 160 11 19 239 143 171 137 15 82 15 124 76 174 7 222 72 249 168 227
42 15 913 164 214 12 178 22 128 77 130 4 221 53 218 144 79 166 191 14 168 152 125 30 40 12 100 102 105 48 48 142 141
43 15 822 126 54 113 85 116 169 103 27 92 129 6 110 72 172 105 59 118 146 23 200 82 86 26 42 30 78 5 27 11 161
44 15 1036 72 107 112 40 72 160 3 10 178 232 48 62 77 77 162 209 15 143 9 248 12 60 148 92 134 117 160 4 93 145
45 15 776 56 6 48 143 80 239 119 170 22 187 47 13 33 4 28 49 49 224 32 54 166 137 22 242 182 69 72 12 14 65
46 15 1148 150 111 19 177 203 155 29 174 130 233 36 122 74 93 22 168 134 237 191 178 97 51 148 156 50 129 56 239 96 84
47 15 891 111 246 4 11 85 66 203 99 59 94 60 149 23 113 3 29 32 249 43 250 119 77 67 227 159 4 64 166 82 22
48 15 782 10 87 41 143 36 74 97 35 13 243 26 82 171 139 27 111 41 234 115 27 84 129 29 30 82 128 120 83 86 110
49 15 1011 57 210 13 199 66 103 103 142 149 132 46 165 41 97 89 125 162 123 84 209 179 92 7 67 4 170 125 204 139 136
50 15 1296 173 156 93 179 4 61 197 39 55 70 114 230 197 95 60 65 50 2 119 229 117 152 149 209 117 46 47 188 128 101
51 15 554 12 3 122 116 45 163 25 47 103 14 31 174 22 246 103 60 32 122 43 61 35 195 2 237 1 226 115 232 2 91
52 15 849 180 24 39 47 13 184 182 15 39 107 47 178 5 113 5 88 31 213 1 86 18 41 140 198 151 122 190 9 21 90
53 15 1099 14 141 37 136 141 105 19 44 41 105 10 94 235 1 219 217 20 46 150 152 47 23 17 194 66 17 131 136 227 46
54 15 749 131 98 40 192 59 89 56 237 26 70 50 205 91 246 22 195 12 238 40 132 40 49 115 100 137 175 73 26 45 235
55 15 868 65 227 1 216 165 215 22 249 61 242 65 216 83 62 139 142 40 192 187 121 25 117 129 49 38 59 41 50 25 248
56 15 1378 24 14 26 97 124 160 119 178 154 138 162 64 204 27 122 44 119 186 83 199 166 19 137 171 156 165 95 136 32 1
57 15 984 97 41 31 213 57 144 90 147 130 147 91 88 7 38 119 114 74 21 33 132 233 4 149 181 89 62 18 65 12 173
58 15 1087 89 241 4 167 1 42 49 183 177 200 98 85 16 83 228 234 177 213 149 111 69 69 25 221 165 38 100 91 12 29
59 15 1156 82 209 163 23 189 214 149 151 65 73 30 248 36 83 5 187 114 190 147 122 121 181 36 141 239 178 46 121 24 221
60 15 1338 191 18 25 7 106 62 131 66 140 131 149 234 51 222 60 116 167 30 212 66 66 111 32 64 196 249 69 105 78 239
61 15 857 66 116 63 135 166 90 35 237 68 212 114 66 73 108 25 163 3 188 61 115 153 157 54 57 129 152 34 63 28 224
62 15 979 24 210 9 67 157 99 59 232 44 79 1 168 4 53 170 82 149 165 145 249 3 155 178 69 184 111 41 88 56 218
63 15 998 63 217 96 229 9 116 116 55 5 113 167 232 143 88 99 218 96 188 24 22 20 48 106 4 201 182 63 5 40 81
64 15 1142 231 180 47 118 12 158 104 92 18 163 97 240 182 201 16 49 26 27 131 97 194 79 69 69 168 204 66 159 67 202
65 15 1154 92 118 116 148 76 10 81 245 208 130 108 63 79 13 21 125 46 72 108 5 198 189 105 166 25 238 155 100 25 225
66 15 521 82 155 88 201 70 80 78 113 36 3 84 205 67 144 3 240 20 179 6 75 9 150 16 124 7 35 44 81 42 228
67 15 852 23 198 64 38 37 90 57 108 169 228 139 177 141 8 36 105 58 203 136 43 100 81 1 239 35 139 58 17 12 227
68 15 1021 164 230 65 32 69 224 14 88 2 62 122 239 30 62 68 224 39 13 121 104 114 69 42 3 119 27 94 50 214 73
69 15 1113 64 168 76 42 163 184 86 17 209 243 42 245 82 156 202 47 81 152 111 82 137 20 10 152 115 172 5 122 9 78
70 15 809 141 96 16 106 91 217 62 205 86 114 44 4 65 203 35 76 16 145 96 183 14 185 29 239 62 230 167 124 88 11
71 15 772 100 164 37 28 10 54 54 99 2 125 38 208 114 25 27 114 119 50 37 182 20 32 76 60 100 68 150 119 82 70
72 15 855 44 79 112 221 7 51 91 90 93 30 12 180 79 28 3 206 131 182 76 218 87 38 134 104 148 195 24 43 28 162
73 15 891 55 186 87 127 173 210 96 15 12 14 149 244 42 23 9 18 70 49 33 231 47 155 91 8 96 54 108 20 46 121
74 15 686 72 189 7 198 52 5 21 179 25 21 33 169 15 106 92 217 60 122 100 195 62 205 72 84 141 117 72 115 34 200
75 15 571 10 77 51 210 24 118 3 154 2 177 17 167 21 107 139 12 80 7 155 86 23 125 22 165 9 242 13 144 145 180
76 15 1306 209 234 159 207 108 33 65 226 134 35 3 81 53 154 128 156 103 65 216 140 55 146 15 76 116 49 66 175 203 178
77 15 778 209 188 146 98 11 34 86 122 2 99 110 78 114 238 12 143 21 112 68 58 20 128 66 42 63 212 36 197 9 112
78 15 913 59 144 10 42 24 236 140 155 93 97 32 40 30 222 69 227 172 168 53 171 80 170 121 143 61 229 51 219 147 196
79 15 1054 50 181 233 219 43 175 149 242 21 139 67 143 47 118 176 226 98 56 89 185 6 144 99 164 7 139 108 209 125 236
80 15 1018 7 110 110 66 1 191 147 73 50 21 133 18 196 97 51 62 43 145 106 2 77 182 14 179 136 233 21 146 181 240
81 15 997 52 247 45 240 159 73 65 81 117 76 4 22 12 122 224 172 30 60 28 23 72 218 146 133 100 239 160 46 33 161
82 15 928 21 148 7 50 45 182 64 173 49 241 128 86 130 93 106 213 181 48 44 68 135 137 70 214 18 185 7 153 156 102
83 15 1013 39 73 147 7 41 73 37 42 10 244 138 9 152 231 172 168 85 233 161 60 103 112 27 203 31 41 22 180 102 84
84 15 1213 92 186 47 204 91 159 113 250 151 114 189 82 159 245 124 136 151 60 148 223 24 156 19 74 131 161 16 228 62 131
85 15 1108 19 188 35 235 154 42 29 48 21 3 31 56 180 75 71 209 107 233 211 166 26 11 192 94 155 44 54 143 101 60
86 15 1031 193 24 133 16 30 187 85 4 200 192 51 25 8 61 109 223 47 145 97 126 33 18 156 74 91 88 5 35 51 189
87 15 904 92 238 6 80 108 141 107 130 124 244 135 125 58 85 13 121 89 29 111 173 87 28 5 110 15 134 105 84 76 101
88 15 1285 230 171 3 238 88 7 14 66 91 230 134 233 234 57 101 93 140 55 82 61 157 36 14 35 37 78 100 23 182 203
89 15 1034 154 179 137 2 56 7 145 62 94 116 16 97 19 234 121 113 74 157 48 138 156 188 31 31 142 37 76 137 24 9
90 15 1063 166 239 92 6 63 119 35 27 53 201 88 185 83 46 37 235 108 128 135 80 2 53 179 187 37 175 104 159 147 35
91 15 824 44 175 4 205 91 158 84 4 128 3 65 249 157 90 57 61 34 155 21 153 139 120 42 10 4 159 122 120 38 50
92 15 1268 162 121 28 236 126 73 165 77 48 216 143 128 52 161 114 209 69 101 83 247 69 201 84 237 195 69 195 134 53 12
93 15 1296 65 169 38 115 149 4 145 58 131 134 195 115 117 98 121 211 55 92 37 22 87 188 39 146 210 177 117 155 114 61
94 15 897 108 184 56 84 46 64 68 245 59 130 174 120 33 216 38 232 129 31 20 62 93 231 76 152 29 213 65 245 128 227
95 15 1137 7 247 46 222 103 187 1 241 3 210 113 41 40 8 18 9 134 149 235 227 113 92 171 193 150 207 152 69 136 200
96 15 1041 46 126 123 125 32 229 105 219 47 51 212 127 118 60 123 37 94 145 34 101 192 86 101 187 8 36 59 193 8 68
97 15 1254 103 106 49 196 78 141 182 42 84 31 186 116 168 12 19 52 113 214 12 123 94 207 63 34 162 192 229 181 26 12
98 15 888 194 12 109 134 27 198 81 224 12 177 17 27 54 231 105 14 45 85 149 156 85 74 79 23 32 20 19 44 103 70
99 15 959 14 65 63 221 83 44 62 221 72 240 122 138 113 133 38 189 60 111 85 188 38 207 83 145 95 155 197 77 74 222
100 15 1008 102 52 200 115 128 181 37 4 7 139 23 13 172 31 70 109 108 234 17 230 88 82 192 191 31 62 63 133 23 163
101 15 1356 213 142 8 112 75 9 95 49 170 75 31 145 118 167 93 206 172 173 24 121 141 2 136 213 211 11 139 95 70 101
102 15 1245 88 129 164 7 205 47 141 80 81 14 153 10 57 73 108 41 37 84 105 250 42 230 17 73 67 64 86 42 206 69
103 15 1067 94 84 162 119 132 59 10 174 90 223 191 132 58 105 231 157 22 207 185 204 25 1 76 58 27 139 14 167 17 175
104 15 1004 78 223 14 168 128 157 23 46 233 111 58 31 141 2 50 212 56 220 79 58 10 72 114 197 22 35 196 219 54 247
105 15 1003 62 208 211 214 185 236 89 127 50 207 45 230 26 23 44 134 88 186 22 54 25 121 31 187 196 242 91 151 89 7
106 15 1306 193 216 96 140 68 219 83 100 197 33 29 224 15 35 126 57 164 14 90 183 148 206 115 78 86 227 175 28 48 176
107 15 735 84 199 100 163 70 114 46 221 48 60 109 146 75 31 9 163 5 231 79 78 24 164 168 33 23 49 20 246 59 44
108 15 1105 42 88 67 137 33 20 9 171 87 22 62 66 32 221 49 93 113 115 184 68 182 115 45 120 146 17 106 215 225 57
109 15 944 90 171 33 221 55 133 148 142 13 76 9 201 136 109 90 167 146 147 56 67 100 111 1 156 8 14 145 171 150 74
110 15 848 178 109 10 161 28 39 179 193 76 33 19 135 7 239 33 180 25 113 121 1 20 27 51 168 111 240 115 219 87 249
111 15 962 25 16 49 94 3 111 144 143 23 179 106 41 71 207 125 142 62 80 108 244 64 184 167 83 9 205 182 173 65 210
112 15 736 31 238 16 183 138 105 119 86 23 150 123 183 3 74 69 96 52 244 80 112 8 125 95 17 11 72 38 217 115 134
113 15 894 96 154 153 214 55 5 127 94 54 96 110 109 31 64 46 233 34 22 80 219 26 69 64 135 174 241 55 59 13 231
114 15 900 183 173 19 139 88 166 32 114 20 112 47 184 5 225 172 209 7 10 20 227 99 96 110 204 98 191 18 82 207 137
115 15 1012 16 205 15 89 136 232 136 189 81 93 25 76 206 118 75 26 167 153 79 243 73 22 158 129 84 83 5 65 9 175
116 15 778 63 64 66 27 10 148 1 32 170 134 31 70 178 173 29 92 16 144 24 218 105 15 82 230 94 20 70 142 34 53
117 15 784 81 92 6 107 40 65 186 59 49 51 100 127 88 120 54 224 157 57 31 3 43 135 56 179 60 76 19 211 10 187
118 15 1149 139 218 41 136 119 105 19 105 76 177 118 227 143 157 73 138 106 52 57 126 67 78 192 136 127 197 157 29 3 53
119 15 1114 33 120 28 63 27 224 123 242 97 25 20 148 183 84 95 199 37 18 113 79 101 82 99 55 140 215 160 57 137 199
120 15 1183 175 166 132 192 188 190 236 147 63 164 53 229 109 124 41 85 38 33 28 61 72 98 32 208 160 198 104 198 48 154
121 15 711 75 201 29 71 16 212 14 207 12 50 130 66 122 159 31 119 118 173 29 10 41 118 95 53 49 44 40 174 88 79
122 15 950 141 183 136 237 4 235 83 64 74 175 5 141 122 248 171 52 83 1 63 61 7 52 26 82 110 129 50 177 113 7
123 15 1240 188 161 81 10 131 35 49 3 35 242 176 147 68 15 42 118 198 45 162 142 119 243 31 1 164 234 27 20 80 218
124 15 1026 132 237 38 115 98 33 23 73 5 73 200 231 6 183 94 50 201 237 167 203 41 52 59 177 75 39 124 50 20 11
125 15 1187 107 54 113 219 102 7 34 103 181 90 78 4 226 128 49 175 25 83 45 217 174 96 57 159 36 10 92 24 165 108
126 15 1096 122 218 12 97 12 119 40 146 48 126 125 195 110 148 225 138 163 180 20 106 8 146 146 14 113 65 179 144 48 183
127 15 882 151 80 102 169 66 48 90 106 33 103 7 107 19 245 43 22 51 116 49 65 144 79 135 192 53 48 36 157 124 160
128 15 1000 135 206 73 41 49 25 37 123 184 13 142 210 63 17 61 228 97 73 86 184 127 21 108 134 63 102 11 115 15 38
129 15 774 174 62 61 2 141 120 57 111 65 181 115 118 168 83 1 103 51 52 48 234 15 241 43 7 4 28 22 221 3 209
130 15 1104 87 58 69 68 70 66 27 74 71 141 5 70 129 67 116 154 108 7 134 163 6 221 181 168 189 70 57 222 131 222
131 15 1007 91 74 189 177 28 66 176 116 12 188 105 240 45 218 66 150 29 120 79 108 102 62 96 191 52 7 99 73 90 179
132 15 735 12 31 76 208 114 141 60 152 20 50 16 16 70 214 78 86 57 20 27 33 42 69 52 29 114 55 69 130 112 37
133 15 726 9 126 27 235 3 218 40 72 48 48 127 105 45 80 19 56 179 134 61 26 64 10 84 28 6 9 161 119 35 49
134 15 736 9 11 17 142 48 191 4 147 214 2 81 148 37 82 18 186 62 91 35 19 103 94 46 11 234 227 3 125 10 113
135 15 779 103 226 19 126 38 67 76 109 45 63 80 190 9 50 24 144 59 85 105 207 45 65 143 15 36 94 186 186 6 69
136 15 864 126 95 96 6 12 96 21 32 230 64 45 135 31 180 50 192 110 36 196 118 73 136 37 240 23 2 13 240 17 247
137 15 849 15 28 14 33 65 107 123 158 11 187 174 105 89 90 64 83 6 170 122 10 92 22 55 170 28 136 109 137 95 14
138 15 896 199 16 96 26 13 132 66 70 53 164 102 128 26 163 71 210 85 218 34 217 132 41 34 88 71 138 40 28 98 32
139 15 1007 72 60 130 65 151 56 58 34 26 244 108 196 116 46 119 219 10 186 132 220 54 174 43 142 13 181 119 171 108 53
140 15 1011 71 178 48 154 104 228 83 127 111 104 10 242 143 36 170 119 59 111 32 19 27 31 199 69 102 85 60 197 45 32
141 15 820 170 24 34 248 229 60 30 167 81 205 50 61 17 27 83 30 16 40 43 128 31 164 17 6 3 84 168 210 53 54
142 15 878 214 9 34 210 18 187 155 15 95 239 86 141 44 240 61 26 108 240 47 98 14 93 71 137 12 20 40 107 99 190
143 15 1120 195 61 95 180 145 145 153 171 26 32 137 7 40 78 67 127 142 133 152 104 80 130 58 242 14 111 69 12 28 209
144 15 712 9 85 26 73 25 152 75 125 159 108 21 16 100 53 7 95 13 129 86 168 137 213 90 38 78 248 17 232 47 211
145 15 1054 28 130 78 91 44 233 245 141 23 192 49 92 131 220 107 49 80 98 87 50 85 135 58 7 188 55 73 142 42 164
146 15 1439 132 157 184 54 48 63 85 165 125 206 175 118 117 56 1 84 38 230 95 118 130 6 234 62 95 1 195 243 145 26
147 15 1050 205 157 25 106 120 98 60 152 215 230 31 178 91 194 170 128 50 143 5 101 2 68 30 181 19 166 203 20 87 48
148 15 944 139 214 22 248 160 88 120 88 6 167 28 17 94 174 42 242 202 175 51 202 97 94 36 78 37 98 33 160 113 231
149 15 940 8 57 120 199 131 11 110 88 113 105 153 80 72 162 15 1 76 7 75 5 31 4 23 165 199 226 21 83 28 78
150 15 1144 51 94 183 42 88 19 20 145 74 71 191 48 228 184 67 240 22 105 17 15 184 107 170 38 114 199 5 245 17 164
151 15 960 78 154 148 64 3 193 94 50 104 208 93 112 110 195 126 159 78 44 30 160 25 142 11 7 16 168 125 159 159 115
152 15 852 45 97 8 220 4 179 136 177 114 41 11 247 18 52 110 236 35 216 34 193 17 203 199 201 2 244 146 73 187 162
153 15 1041 127 222 19 237 54 118 94 235 52 41 92 119 95 5 27 105 130 117 109 201 60 114 161 196 164 14 81 44 37 151
154 15 765 30 189 17 202 8 210 112 66 65 16 67 107 37 139 16 171 185 196 51 153 77 31 59 62 87 31 134 141 12 48
155 15 631 27 201 10 156 34 71 118 195 61 26 12 29 27 70 87 172 21 218 49 145 14 156 77 62 61 75 170 127 21 17
156 15 1032 165 96 216 137 197 8 13 232 92 112 81 53 187 157 2 211 3 240 80 45 27 99 175 234 4 95 25 221 23 96
157 15 724 88 239 54 205 23 138 63 104 2 228 140 93 133 153 41 129 11 214 61 214 145 132 57 89 1 175 25 2 62 86
158 15 744 10 238 37 247 6 113 1 92 3 42 64 118 125 42 51 189 154 184 45 3 64 23 68 18 20 99 81 189 201 238
159 15 1018 95 122 20 236 207 40 92 112 21 188 72 250 73 219 6 204 180 217 26 102 111 119 117 172 92 33 64 199 97 21
160 15 1266 189 150 52 23 140 140 59 183 155 194 165 186 184 81 155 148 40 111 183 133 126 243 11 82 45 42 28 202 51 95
161 15 786 28 179 169 188 25 240 24 94 24 225 61 238 2 182 178 129 78 189 68 239 146 196 49 208 53 152 10 161 68 117
162 15 1143 178 112 111 58 158 42 80 64 72 78 24 12 37 25 14 171 140 161 18 116 144 207 133 114 164 16 16 229 140 77
163 15 1108 131 127 37 3 37 22 115 165 218 209 146 81 29 193 20 4 111 171 11 38 150 120 141 195 12 21 100 247 128 85
164 15 988 7 72 109 24 103 34 80 56 41 170 177 181 125 37 6 101 166 201 3 163 30 154 93 56 64 21 158 229 74 105
165 15 758 64 48 22 135 155 206 12 144 80 74 37 8 56 224 69 83 110 204 84 8 29 6 117 114 46 216 42 119 25 75
166 15 837 29 53 45 94 193 66 85 211 41 102 124 156 15 196 70 187 86 142 110 185 31 230 139 104 29 155 43 14 7 229
167 15 1051 33 81 53 141 98 193 32 175 131 125 151 106 48 20 19 187 13 66 180 189 68 211 124 37 105 63 15 96 244 45
168 15 1409 193 30 59 48 76 8 59 203 58 206 113 105 212 78 138 94 14 234 138 239 182 89 192 242 111 217 26 229 191 95
169 15 954 105 38 20 242 117 51 19 140 6 128 2 129 130 100 28 180 148 218 13 100 186 60 123 218 164 54 10 160 122 46
170 15 884 23 198 42 142 92 114 68 84 113 183 37 49 70 112 179 51 18 139 155 182 19 11 19 139 31 78 149 249 90 132
171 15 1033 130 75 82 176 38 157 46 223 121 163 5 26 104 81 38 156 22 36 116 77 106 104 131 1 248 69 38 179 67 150
172 15 853 39 18 78 80 24 124 52 29 61 56 203 201 28 6 154 80 131 33 80 214 32 116 98 13 54 240 20 211 13 230
173 15 676 42 81 56 145 43 131 25 32 65 214 1 98 95 199 36 247 13 145 89 99 59 101 137 181 65 213 76 112 44 187
174 15 1098 111 22 129 195 28 181 78 15 56 21 6 112 98 17 163 63 103 71 68 70 196 72 19 120 142 38 3 55 173 91
175 15 1108 60 238 60 232 68 185 153 63 18 138 117 51 109 28 129 109 143 46 149 209 131 49 32 49 52 103 95 216 69 141
176 15 918 119 62 4 238 11 186 195 245 78 193 44 169 9 229 41 75 233 220 76 22 84 74 39 205 49 16 100 189 66 119
177 15 820 149 213 62 111 23 248 43 167 41 228 78 74 193 211 121 191 98 189 1 171 56 94 20 8 20 84 20 127 101 169
178 15 1125 93 158 119 97 176 82 119 14 79 48 55 187 14 213 179 106 177 96 73 62 67 224 15 236 106 151 6 64 129 93
179 15 931 181 221 157 96 64 91 36 38 139 202 31 223 47 136 43 132 19 85 35 212 59 183 176 137 38 221 129 81 10 161
180 15 718 56 213 7 23 122 153 36 233 46 234 34 95 16 69 82 19 127 9 6 248 193 176 41 155 6 166 49 14 77 151
181 15 1251 187 43 125 190 37 138 48 212 180 54 169 21 77 143 177 9 221 205 179 238 16 78 63 149 18 2 44 186 23 107
182 15 785 101 104 22 16 130 2 10 153 74 212 1 149 31 227 42 209 20 213 217 57 21 57 24 135 10 135 213 233 66 201
183 15 998 37 129 62 144 31 13 99 248 33 197 68 78 29 25 21 97 122 126 223 235 136 5 43 150 73 78 126 238 145 170
184 15 1284 94 241 101 94 30 241 229 242 1 227 73 233 129 114 43 178 146 169 51 157 104 105 142 237 158 122 202 208 102 130
185 15 802 68 199 68 205 45 139 102 48 20 169 100 123 17 42 32 166 33 155 35 183 124 76 106 246 1 47 124 59 128 16
186 15 1231 96 177 52 195 106 233 111 7 73 205 88 17 144 152 146 61 52 80 156 65 81 78 124 8 146 30 65 173 99 95
187 15 1147 146 194 22 79 155 150 53 226 111 50 161 96 65 80 79 178 92 167 80 22 3 148 100 64 103 36 136 90 128 134
188 15 964 213 19 1 140 77 248 161 35 179 42 23 49 44 167 14 248 196 250 96 46 50 14 25 75 25 40 54 35 47 2
189 15 1085 137 12 31 235 89 118 21 174 56 94 149 141 39 172 207 166 36 88 173 189 24 90 39 51 57 157 192 53 107 187
190 15 831 57 122 96 104 14 157 120 194 66 200 192 185 76 126 15 212 17 226 108 106 29 248 113 18 3 18 106 118 27 67
191 15 680 66 28 30 58 39 66 20 219 29 133 56 121 33 145 39 240 55 61 7 28 140 29 85 61 82 65 73 91 97 118
192 15 1040 8 184 73 221 134 181 12 154 113 127 77 130 163 89 108 35 51 127 49 86 175 248 140 202 25 50 104 150 69 169
193 15 923 155 116 130 77 47 153 16 185 28 71 82 244 60 155 143 85 80 239 44 157 91 132 8 72 21 170 229 31 20 13
194 15 1019 41 70 155 142 63 237 200 151 30 149 59 39 10 250 18 114 52 64 119 197 54 168 180 149 154 143 82 12 57 180
195 15 901 21 203 101 154 66 242 13 30 3 47 37 177 88 235 172 39 3 187 133 36 94 17 127 114 67 58 166 212 36 128
196 15 1142 88 81 49 167 9 135 114 192 144 190 123 6 2 227 213 191 126 89 126 199 53 70 133 3 212 164 7 88 29 239
197 15 1252 66 192 74 85 68 210 70 162 134 56 75 91 182 65 139 103 234 103 119 237 44 199 77 188 5 104 111 188 168 122
198 15 696 64 160 87 246 74 71 79 44 100 43 12 162 111 70 144 199 6 242 99 242 45 245 10 121 10 57 23 210 6 215
199 15 1088 46 150 63 36 54 150 150 212 160 73 131 115 8 170 118 99 74 127 173 69 88 93 12 242 112 160 158 7 14 119
200 15 1052 56 182 145 235 14 129 107 163 214 75 126 233 80 48 6 108 126 85 206 245 18 71 33 13 92 179 6 25 87 209
201 15 1038 62 189 15 19 86 176 180 154 91 122 76 158 4 205 95 102 216 113 172 231 85 187 7 214 47 234 47 120 115 126
202 15 1009 31 249 53 27 69 148 72 39 239 246 12 220 215 39 23 43 31 76 105 80 83 135 39 39 74 96 136 57 80 50
203 15 783 118 171 150 17 5 227 76 91 22 82 36 102 141 230 52 151 2 243 113 112 24 96 134 160 82 177 15 210 9 200
204 15 1115 99 180 235 237 25 58 52 208 91 91 110 29 9 14 79 18 152 154 137 157 8 74 76 27 104 124 27 157 190 198
205 15 1036 18 9 3 192 76 87 48 181 193 189 90 42 37 15 90 229 129 148 102 79 54 98 97 130 112 195 42 143 205 141
206 15 876 179 99 65 18 102 20 45 204 77 8 59 187 7 220 132 151 101 77 138 225 90 110 19 3 18 240 31 48 33 105
207 15 933 11 26 13 13 75 83 102 172 85 87 24 84 100 105 126 225 135 227 61 40 198 19 82 15 4 215 40 214 111 14
208 15 913 124 95 83 125 171 6 4 11 79 73 179 249 27 147 104 16 83 33 127 111 18 150 83 167 46 180 9 154 5 48
209 15 1178 83 113 32 199 61 4 116 58 146 180 175 174 181 26 194 147 36 164 177 236 101 173 35 42 36 60 94 215 6 184
210 15 1253 62 78 104 127 53 114 200 143 129 214 102 35 17 47 199 58 159 222 129 200 149 70 113 210 78 35 18 170 55 242
211 15 823 157 82 127 122 9 240 7 91 35 116 155 242 66 68 22 229 41 115 18 187 78 89 3 115 93 242 138 3 80 101
212 15 1013 231 197 33 248 102 97 69 12 32 227 13 42 67 163 97 198 2 42 103 69 84 33 42 148 140 5 74 223 178 1
213 15 960 94 141 45 43 56 202 44 133 39 39 91 37 15 55 137 239 181 96 63 9 21 12 106 206 7 169 195 41 106 75
214 15 824 2 130 59 79 57 156 23 181 70 67 79 140 23 54 114 96 158 40 61 5 85 226 12 63 105 215 105 9 77 142
215 15 752 125 110 76 155 109 192 41 72 5 110 41 151 30 44 28 20 4 210 138 220 115 229 77 211 44 138 86 2 21 159
216 15 1100 146 154 27 102 62 223 50 216 62 155 58 61 18 161 167 180 115 82 120 151 30 9 178 86 179 12 139 140 25 14
217 15 994 38 247 121 212 6 99 225 4 173 218 96 102 67 83 39 85 48 163 123 57 100 118 25 244 27 41 53 134 102 179
218 15 1341 151 108 7 100 64 160 100 155 174 94 37 94 204 124 179 245 93 4 130 28 96 95 76 17 103 24 245 123 18 108
219 15 1047 32 171 45 226 240 236 151 154 42 214 30 79 110 223 170 140 50 23 223 239 62 122 8 159 36 151 103 92 7 66
220 15 974 22 32 4 11 82 137 77 36 158 90 212 58 54 114 60 107 110 249 29 157 17 69 91 185 108 15 113 21 81 146
221 15 796 100 142 4 13 91 33 77 70 2 117 67 183 58 197 49 188 1 11 81 125 4 114 125 59 63 42 141 37 133 103
222 15 1243 200 41 60 244 188 121 153 166 110 6 1 77 58 244 81 176 96 152 186 83 13 13 215 240 52 94 31 133 110 207
223 15 1411 232 176 45 214 228 13 114 89 155 91 177 218 76 4 135 239 49 189 155 225 118 100 22 85 59 84 161 100 38 45
224 15 1081 107 169 102 214 159 71 16 81 57 146 8 151 167 30 94 164 143 129 61 71 34 105 40 185 91 160 138 93 135 132
225 15 806 67 206 218 144 46 178 60 145 19 3 54 54 41 175 24 104 134 81 46 201 104 69 39 82 50 222 66 20 40 162
226 15 1235 58 179 64 194 109 33 50 129 138 131 85 211 88 87 139 194 115 130 158 37 42 249 119 131 141 60 181 155 57 110
227 15 1033 129 44 128 115 34 208 124 237 1 171 158 128 24 222 203 73 66 48 21 6 12 100 136 83 7 4 158 179 91 112
228 15 932 167 94 144 55 10 247 33 80 160 23 161 24 45 196 25 52 71 170 7 199 17 112 26 33 131 195 133 175 36 244
229 15 848 12 243 5 170 108 205 136 193 133 135 150 41 117 153 35 57 18 29 50 33 143 161 6 65 24 55 24 24 99 213
230 15 893 103 30 65 168 66 51 120 221 114 194 17 122 20 170 12 149 74 238 89 58 60 224 169 131 44 8 138 207 26 192
231 15 991 125 227 68 247 225 26 147 30 81 26 48 83 11 158 37 176 32 201 64 165 85 118 39 126 113 228 99 24 65 241
232 15 990 87 64 100 175 2 148 168 200 152 70 72 145 36 217 1 214 65 108 117 208 111 49 36 209 51 200 185 53 55 74
233 15 793 6 211 41 224 32 40 4 92 39 83 132 90 30 237 80 125 48 186 142 6 51 233 121 151 141 194 57 212 68 156
234 15 996 28 210 31 137 66 159 21 152 37 54 95 66 105 115 167 10 60 247 138 82 42 125 113 12 153 195 184 11 5 76
235 15 996 26 95 55 207 9 106 22 246 17 158 14 106 228 80 86 75 207 55 143 129 68 218 7 118 114 66 173 92 76 125
236 15 904 21 129 32 43 30 120 43 46 56 197 100 37 107 84 187 23 75 31 35 93 29 92 117 88 15 106 164 163 119 208
237 15 931 18 192 36 167 139 133 2 125 19 91 34 181 179 246 121 121 109 228 147 199 52 96 160 56 28 220 71 82 49 9
238 15 569 29 182 8 151 18 56 29 37 10 228 32 215 8 138 100 130 69 47 13 105 56 96 172 87 9 74 51 141 108 108
239 15 1296 156 141 121 150 70 53 97 167 99 33 166 215 198 195 32 237 50 52 173 150 29 113 200 159 54 57 153 177 23 211
240 15 1157 88 228 29 170 82 147 158 70 35 108 109 68 194 169 17 61 105 89 132 100 96 15 232 97 47 109 11 14 112 26
241 15 1113 217 210 112 136 193 99 161 172 52 90 11 205 62 182 43 160 46 210 74 109 170 73 7 49 6 15 72 100 166 69
242 15 969 81 147 24 16 39 1 124 150 144 169 40 171 74 122 92 238 1 97 125 182 159 121 26 182 69 225 64 79 150 143
243 15 1206 36 17 76 240 88 241 206 190 60 90 51 94 76 112 82 65 74 61 115 152 190 151 58 116 222 112 134 199 40 104
244 15 1068 15 197 16 35 33 26 147 116 139 21 189 227 83 25 131 84 84 28 142 225 125 135 80 234 81 150 54 47 17 99
245 15 1312 12 25 123 199 124 42 59 200 197 154 57 246 149 201 159 130 45 160 67 115 197 151 91 213 74 154 161 7 125 222
246 15 863 54 222 44 148 49 32 143 125 65 25 63 84 89 171 111 61 9 163 111 44 85 41 104 106 109 240 41 68 2 4
247 15 784 14 129 114 183 17 62 37 157 56 8 76 68 72 206 82 240 75 110 16 67 137 93 76 59 3 172 179 34 26 69
248 15 1207 208 228 155 248 69 94 44 123 226 74 13 234 43 12 191 61 73 222 10 164 122 90 87 51 27 242 137 224 104 170
249 15 768 31 176 105 118 118 48 70 186 14 99 23 120 118 35 44 50 27 93 106 141 141 222 2 102 44 145 55 211 63 103
250 15 1136 218 86 23 17 115 129 99 137 110 48 50 70 88 200 117 56 53 37 77 171 187 28 112 235 96 178 61 120 14 192
