1 15 763 57 62 118 159 9 152 45 184 34 125 132 148 6 58 167 190 55 211 4 23 85 212 55 27 73 3 107 1 7 106
2 15 889 57 31 44 195 51 206 73 88 62 60 50 173 188 55 39 50 86 109 209 173 83 208 7 89 31 205 99 51 33 33
3 15 864 19 42 35 145 226 133 172 214 89 19 9 49 120 206 98 159 80 23 14 131 8 206 42 7 111 195 35 93 23 2
4 15 1052 16 177 143 88 52 5 78 168 152 29 168 229 9 205 5 116 120 162 62 84 29 242 154 134 109 79 183 93 36 64
5 15 844 9 90 125 67 196 136 7 46 91 16 11 122 7 54 164 78 30 209 7 159 7 99 139 173 110 86 40 158 113 103
6 15 748 4 76 22 133 127 232 1 37 17 187 96 167 61 199 79 79 36 63 183 212 46 219 2 170 19 113 130 225 113 246
7 15 609 30 128 127 186 12 13 131 126 86 175 14 233 9 178 20 120 61 130 7 135 61 208 18 146 81 54 81 189 24 103
8 15 948 39 146 36 80 30 65 130 82 145 122 9 32 80 35 94 19 190 39 71 106 22 244 14 208 51 96 69 184 205 28
9 15 997 127 170 192 123 98 221 50 129 52 122 35 122 40 123 82 173 177 89 4 64 92 222 20 65 112 185 154 144 12 140
10 15 841 6 15 85 212 181 41 64 212 10 29 35 13 16 174 43 109 53 218 154 222 132 3 25 131 142 49 26 75 80 4
11 15 795 52 131 72 224 55 75 29 201 32 177 17 185 25 189 116 123 159 189 122 139 73 222 2 246 25 76 112 230 103 9
12 15 796 113 60 29 214 86 157 152 85 53 111 9 81 32 31 10 151 213 132 24 5 40 83 16 208 59 120 152 240 7 42
13 15 992 74 207 50 139 1 18 87 64 117 103 38 106 58 74 142 123 112 233 102 202 143 139 102 103 20 173 187 122 7 9
14 15 1190 58 56 31 166 13 127 129 6 38 80 47 225 148 191 128 209 124 227 205 215 70 216 66 178 174 200 162 158 95 31
15 15 901 150 160 46 116 19 37 124 27 114 190 39 201 13 4 30 225 30 177 33 120 205 182 64 108 62 217 105 127 93 120
16 15 804 12 237 64 99 6 11 17 144 64 17 2 137 20 248 192 161 178 98 95 23 107 126 138 148 20 25 59 78 31 95
17 15 1344 117 85 46 91 89 67 91 34 38 193 83 223 242 6 123 122 183 208 213 114 93 5 85 245 105 109 68 46 104 16
18 15 964 165 152 71 228 5 217 55 168 16 164 5 13 144 233 15 101 39 73 72 151 173 192 203 102 9 162 226 7 8 7
19 15 884 124 175 72 137 210 82 9 22 44 22 114 29 57 202 164 86 44 166 36 82 75 211 72 178 7 250 50 216 28 145
20 15 801 28 150 30 105 123 126 199 97 48 159 187 112 11 222 68 213 22 87 12 235 70 82 74 216 23 248 40 250 67 43
21 15 875 52 10 10 167 10 53 5 186 54 57 9 113 65 134 139 215 180 176 45 111 87 207 88 234 161 113 76 138 113 84
22 15 673 146 79 19 139 13 180 25 136 103 18 62 58 29 120 46 121 12 22 98 203 110 122 37 173 3 182 6 106 133 84
23 15 840 157 233 18 58 115 123 36 217 34 175 54 217 108 201 178 61 53 141 39 144 1 18 1 174 71 144 43 195 142 233
24 15 1112 82 133 56 241 142 106 136 158 37 154 185 89 130 187 71 6 75 210 153 248 80 240 1 77 121 194 70 175 52 93
25 15 972 87 243 26 38 44 90 24 91 126 75 56 18 152 124 95 85 18 106 181 103 56 89 148 9 28 101 115 221 60 39
26 15 1052 218 143 8 191 199 173 76 5 96 45 110 94 48 186 124 179 39 159 7 96 175 239 71 73 16 179 118 108 11 68
27 15 1120 204 27 189 66 21 168 73 152 124 220 55 180 13 108 27 40 44 22 95 216 32 131 201 224 128 20 121 168 73 233
28 15 988 69 176 13 235 78 12 180 226 89 244 63 77 112 97 19 237 2 109 31 1 123 124 175 246 74 49 103 227 104 220
29 15 920 172 119 17 76 28 12 87 166 41 149 103 163 24 210 91 172 58 110 53 28 55 150 85 12 132 215 85 219 120 1
30 15 1338 37 215 91 63 193 106 175 162 41 40 31 28 135 216 125 24 53 130 203 108 50 194 143 50 143 191 214 94 39 236
31 15 976 48 15 2 173 39 195 126 60 187 81 74 151 109 10 72 211 19 188 120 232 49 215 57 199 37 72 161 136 121 214
32 15 810 59 180 36 100 153 204 99 158 159 93 16 7 70 192 66 100 84 183 54 230 98 163 49 90 31 234 1 233 38 206
33 15 849 124 30 183 59 11 149 17 63 86 42 28 179 41 209 3 41 212 99 63 52 26 7 88 195 48 174 76 216 56 129
34 15 1165 84 25 28 29 40 249 153 176 157 54 151 209 99 65 84 142 109 155 153 205 91 38 193 92 35 165 54 66 26 189
35 15 1026 170 168 43 96 17 109 145 162 105 248 71 7 29 36 63 241 161 171 7 69 82 205 82 248 71 183 34 224 203 155
36 15 852 68 214 82 143 31 2 86 72 12 27 65 150 3 20 149 123 52 128 56 11 218 125 3 38 73 53 30 61 137 57
37 15 892 64 142 128 122 10 120 10 118 153 242 16 224 3 217 29 45 193 117 12 17 16 128 123 220 190 129 52 18 116 181
38 15 779 136 89 36 4 63 178 53 160 11 19 108 36 15 124 72 249 168 227 12 178 22 128 77 130 4 221 53 218 144 79
39 15 964 123 69 60 148 14 168 152 125 30 40 12 100 102 105 48 48 142 141 90 170 126 54 113 85 116 169 6 110 72 172
40 15 614 118 146 23 200 82 86 5 27 11 161 112 40 72 160 3 10 19 27 48 62 77 77 162 209 15 143 9 248 12 60
41 15 1096 41 148 148 92 134 117 160 4 93 145 191 132 56 6 48 143 80 239 119 170 22 187 47 13 33 4 32 54 166 137
42 15 1110 38 179 22 242 182 69 61 139 150 111 19 177 203 155 29 174 130 233 36 122 74 93 22 168 134 237 191 178 97 51
43 15 846 50 129 56 239 96 84 150 235 111 246 4 11 85 66 60 149 23 113 3 29 32 249 43 250 119 77 67 227 159 4
44 15 651 82 22 20 199 10 87 41 143 36 74 37 218 13 243 26 82 171 139 27 111 41 234 115 27 84 129 29 30 82 128
45 15 1036 93 4 168 105 86 110 13 199 66 103 109 227 149 132 46 165 41 97 89 125 162 123 84 209 179 92 7 67 4 170
46 15 1179 12 78 125 204 139 136 93 179 4 61 79 137 197 95 60 65 50 2 119 229 117 152 149 209 117 46 63 83 150 239
47 15 669 67 183 122 116 45 163 25 47 22 246 103 60 32 122 43 61 35 195 2 237 1 226 61 74 227 136 39 47 13 184
48 15 660 20 3 34 101 39 107 47 178 5 113 5 88 31 213 1 86 18 41 140 198 151 122 190 9 21 90 84 188 40 163
49 15 1119 141 105 19 44 41 105 10 94 18 129 219 217 20 46 150 152 47 23 17 194 66 17 131 136 227 46 162 144 131 98
50 15 809 118 98 40 192 59 89 56 237 26 70 50 205 91 246 22 195 12 238 40 132 116 5 58 29 165 23 114 89 45 235
51 15 835 65 227 1 216 36 217 22 249 61 242 65 216 83 62 109 103 40 192 187 121 156 213 91 210 25 248 54 11 49 141
52 15 1308 124 160 119 178 154 138 162 64 119 186 83 199 71 87 137 171 86 125 95 136 32 1 176 220 57 144 90 147 130 147
53 15 891 7 38 119 114 74 21 33 132 233 4 149 181 89 62 18 65 12 173 60 149 89 241 4 167 1 42 49 183 177 200
54 15 864 16 83 17 30 38 75 149 111 69 69 25 221 165 38 100 91 12 29 163 23 37 54 134 221 36 83 5 187 114 190
55 15 1055 51 38 147 122 121 181 36 141 73 134 46 121 24 221 28 143 191 18 25 7 106 62 131 66 140 131 149 234 51 222
56 15 725 46 18 28 178 97 70 135 41 2 73 146 147 78 239 77 92 66 116 63 135 67 234 35 237 39 8 25 163 3 188
57 15 861 25 122 61 115 153 157 54 57 129 152 34 63 28 224 9 67 157 99 59 232 44 79 1 168 4 53 170 82 149 165
58 15 884 112 34 2 132 28 203 178 69 98 61 49 106 56 218 96 229 9 116 116 55 5 113 19 183 143 88 99 218 96 188
59 15 856 20 128 24 22 185 159 7 221 217 30 45 7 71 131 47 118 12 158 104 92 18 163 97 240 182 201 16 49 26 27
60 15 1120 194 79 69 69 47 216 66 159 67 202 27 188 76 10 81 245 124 102 183 230 39 123 109 13 189 53 105 166 25 238
61 15 554 106 219 151 91 25 225 15 11 70 80 78 113 36 3 84 205 67 144 3 240 20 179 6 75 9 150 16 124 7 35
62 15 933 87 123 44 81 42 228 99 200 23 198 64 38 37 90 57 108 169 228 139 177 141 8 36 105 58 203 136 43 35 139
63 15 878 162 239 44 150 164 230 65 32 69 224 14 88 2 62 122 239 30 62 68 224 39 13 42 3 119 27 94 50 64 168
64 15 1134 175 11 139 87 67 51 34 231 209 243 42 245 82 156 202 47 81 152 111 82 137 20 10 152 115 172 5 122 9 78
65 15 759 141 96 16 106 91 217 62 205 86 114 44 4 65 203 35 76 16 145 96 183 14 185 29 239 62 230 104 203 88 11
66 15 724 100 164 37 28 10 54 54 99 2 125 38 208 114 25 27 114 119 50 37 182 20 32 146 101 82 70 112 221 7 51
67 15 814 100 91 80 212 93 30 12 180 79 28 3 206 131 182 76 218 74 170 134 104 56 206 24 43 28 162 87 127 41 202
68 15 679 129 239 48 179 64 210 7 234 42 23 9 18 70 49 33 231 47 155 91 8 96 54 108 20 46 121 7 198 52 5
69 15 548 25 21 33 169 15 106 34 113 60 122 100 195 62 205 72 84 141 117 72 115 34 200 8 205 24 118 3 154 2 177
70 15 780 21 107 139 12 80 7 155 86 23 125 22 165 9 242 13 144 145 180 71 24 17 197 44 87 37 174 65 226 134 35
71 15 989 55 181 3 81 53 154 128 156 103 65 216 140 55 146 15 76 116 49 66 175 203 178 73 40 63 25 86 122 2 99
72 15 588 114 238 12 143 21 112 68 58 20 128 66 42 63 212 36 197 9 112 14 175 17 227 140 155 93 97 32 40 30 222
73 15 848 172 168 80 211 80 170 121 143 61 229 51 219 50 181 32 90 43 175 9 34 47 118 25 135 195 37 89 185 6 144
74 15 952 7 139 108 209 125 236 108 185 7 110 110 66 1 191 147 73 50 21 54 128 196 97 51 62 43 145 106 2 77 182
75 15 862 28 82 98 123 11 199 45 240 159 73 65 81 117 76 4 22 12 122 28 23 72 218 146 133 100 239 160 46 33 161
76 15 850 21 148 53 45 7 134 78 107 49 241 128 86 130 93 106 213 4 19 108 235 135 137 70 214 18 185 7 153 149 212
77 15 1161 218 146 12 121 22 70 138 9 20 104 172 168 85 233 161 60 103 112 115 229 57 149 119 161 92 186 47 204 91 159
78 15 1142 151 114 189 82 159 245 124 136 151 60 148 223 24 156 19 74 131 161 16 228 62 131 179 137 19 188 35 235 21 3
79 15 1163 106 72 31 56 180 75 71 209 107 233 211 166 26 11 157 50 155 44 54 143 101 60 47 11 45 116 133 16 30 187
80 15 864 24 161 101 182 200 192 51 25 8 61 109 223 47 145 97 126 33 18 156 74 91 88 5 35 62 35 5 128 92 238
81 15 972 140 230 6 80 124 244 135 125 58 85 13 121 89 29 111 173 87 28 5 110 15 134 105 84 76 101 163 8 88 7
82 15 1124 91 230 18 200 234 57 101 93 140 55 82 61 157 36 14 35 37 78 100 23 182 203 75 112 72 248 36 162 66 65
83 15 828 94 116 16 97 19 234 121 113 74 157 48 138 156 188 31 31 142 37 76 137 24 9 67 38 12 195 92 6 63 119
84 15 954 117 198 88 185 83 46 37 235 108 128 118 72 37 175 104 159 147 35 3 141 44 175 4 205 91 158 84 4 128 3
85 15 928 157 90 57 61 34 155 21 153 73 247 67 129 38 50 76 89 76 56 28 236 126 73 165 77 48 216 143 128 52 161
86 15 1161 86 234 114 209 69 101 83 247 69 201 84 237 102 28 17 134 53 12 38 115 149 4 145 58 131 134 195 115 117 98
87 15 830 55 92 37 22 87 188 39 146 210 177 2 103 67 64 56 84 46 64 6 127 59 130 174 120 33 216 38 232 129 31
88 15 840 157 158 76 152 29 213 65 245 128 227 46 222 103 187 1 241 3 210 113 41 40 8 18 9 134 149 24 155 113 92
89 15 1172 37 60 171 193 44 87 182 215 136 200 32 175 46 126 123 125 32 229 105 219 11 197 212 127 118 60 123 37 94 145
90 15 1152 192 86 101 187 8 36 59 193 8 68 67 83 145 244 49 196 78 141 182 42 84 31 186 116 168 12 19 52 94 207
91 15 1076 64 18 101 32 162 192 229 181 26 12 225 55 5 78 52 193 27 198 17 27 54 231 105 14 45 85 149 156 85 74
92 15 1108 39 42 157 232 179 25 160 188 83 44 62 221 72 240 122 138 113 133 38 189 60 111 85 188 38 207 83 145 95 155
93 15 946 96 157 197 77 74 222 13 104 102 52 200 115 94 118 73 78 7 139 23 13 108 234 17 230 88 82 60 162 31 62
94 15 1120 23 163 192 10 109 205 8 112 75 9 31 145 118 167 45 46 78 222 24 121 141 2 136 213 211 11 139 95 70 101
95 15 1076 88 129 141 80 81 14 146 146 42 230 17 73 67 64 86 42 94 84 162 119 73 114 10 174 90 223 191 132 58 105
96 15 913 22 207 185 204 25 1 76 58 27 139 14 167 17 175 101 178 78 223 14 168 128 157 23 46 233 111 58 31 141 2
97 15 632 56 220 79 58 10 72 53 19 8 235 196 219 54 247 10 101 62 208 37 64 15 238 89 127 50 207 45 230 26 23
98 15 633 88 186 22 54 25 121 31 187 9 189 91 151 89 7 88 41 35 146 96 140 68 219 83 100 23 146 29 224 15 35
99 15 995 148 206 115 78 86 227 175 28 48 176 100 163 70 114 46 221 48 60 109 146 5 231 79 78 24 164 168 33 23 49
100 15 1175 129 245 67 137 33 20 9 171 87 22 62 66 32 221 49 93 113 115 184 68 182 115 45 120 146 17 106 215 225 57
101 15 944 90 171 33 221 55 133 148 142 13 76 9 201 136 109 90 167 146 147 56 67 100 111 1 156 8 14 145 171 150 74
102 15 780 178 109 10 161 28 39 179 193 76 33 19 135 7 239 33 180 25 113 121 1 20 27 51 168 111 240 115 219 2 149
103 15 892 25 16 49 94 3 111 144 143 23 179 106 41 71 207 125 142 62 80 108 244 67 75 182 173 65 210 55 161 31 238
104 15 716 154 78 16 183 23 150 123 183 3 74 69 96 52 244 80 112 8 125 95 17 11 72 38 217 115 134 12 105 97 22
105 15 872 55 5 126 71 31 64 46 233 34 22 80 219 26 69 116 75 174 241 55 59 13 231 45 217 183 173 19 139 88 166
106 15 697 20 112 47 184 5 225 42 79 7 10 20 227 98 191 18 82 16 205 15 89 136 232 136 189 81 93 25 76 206 118
107 15 673 11 162 79 243 73 22 158 129 84 83 5 65 9 175 35 244 63 64 66 27 10 148 1 32 119 160 24 218 105 15
108 15 867 94 20 70 142 34 53 51 141 81 152 6 107 40 65 186 59 49 51 100 127 88 120 54 224 157 57 31 3 43 135
109 15 959 60 76 19 211 10 187 38 60 33 2 146 138 76 177 118 227 143 157 73 138 199 169 57 126 67 78 157 29 3 53
110 15 1101 33 120 28 63 27 224 123 242 97 25 20 148 167 60 95 199 37 18 113 79 101 82 99 55 140 215 160 57 137 199
111 15 933 175 166 132 192 8 6 104 225 63 164 53 229 109 124 41 85 38 33 28 61 72 98 32 208 160 198 104 198 48 154
112 15 914 50 159 14 207 12 50 130 66 122 159 31 119 118 173 29 10 41 118 95 53 49 44 40 174 88 79 183 139 141 183
113 15 921 40 240 136 237 4 235 83 64 74 175 5 141 122 248 232 136 87 88 63 61 7 52 26 82 110 129 50 177 113 7
114 15 957 188 161 49 3 35 242 176 147 68 15 42 118 198 45 162 142 8 134 27 20 80 218 38 115 98 33 23 73 5 73
115 15 1011 36 195 200 231 6 183 94 50 14 54 123 192 75 39 124 50 20 11 35 226 107 54 113 219 102 7 34 103 181 90
116 15 1033 167 25 49 175 25 83 45 217 174 96 57 159 36 10 227 47 165 108 12 97 12 119 40 146 48 126 125 195 110 148
117 15 899 68 4 113 234 163 180 20 106 8 146 146 14 113 65 179 144 48 183 54 13 14 99 139 171 33 103 7 107 19 245
118 15 980 125 154 43 22 1 106 49 65 144 79 135 192 53 48 36 157 91 116 73 41 49 25 37 123 184 13 142 210 63 17
119 15 988 8 144 67 75 127 21 108 134 63 102 11 115 15 38 122 195 174 62 61 2 141 120 57 111 65 181 115 118 102 24
120 15 676 51 52 48 234 15 241 43 7 4 28 22 221 3 209 69 68 70 66 27 74 129 67 116 154 108 7 134 163 6 221
121 15 917 181 14 57 222 131 222 125 62 12 188 105 240 45 218 66 150 29 120 79 108 102 62 96 191 52 7 55 183 12 31
122 15 690 114 141 60 152 20 50 16 16 70 214 78 86 57 20 27 33 42 69 52 29 114 55 69 130 112 37 29 31 3 218
123 15 884 119 203 62 124 45 80 19 56 179 134 61 26 64 10 84 28 6 9 161 119 35 49 182 234 48 191 4 147 37 82
124 15 676 71 238 18 186 62 91 35 19 103 94 46 11 234 227 3 125 10 113 16 52 38 67 76 109 45 63 80 190 9 50
125 15 872 59 85 44 210 215 215 186 186 6 69 133 161 114 16 21 240 12 96 21 32 43 66 45 135 31 180 50 192 110 36
126 15 672 24 51 37 240 23 2 13 240 17 247 90 82 77 186 123 158 11 187 63 162 66 107 122 10 92 22 55 170 28 136
127 15 1052 95 14 124 164 199 16 96 26 13 132 181 176 53 164 102 128 26 163 71 210 85 218 34 217 132 41 34 88 71 138
128 15 1085 65 60 113 73 219 104 130 65 151 56 58 34 26 244 108 196 116 46 119 219 10 186 132 220 54 174 43 142 13 181
129 15 1078 108 53 121 73 71 178 48 154 104 228 10 242 143 36 170 119 59 111 32 19 166 163 60 197 45 32 185 96 26 105
130 15 756 229 60 30 167 81 205 50 61 17 27 83 30 16 40 17 6 3 84 168 210 53 54 51 214 18 187 86 141 44 240
131 15 1076 108 240 47 98 14 93 71 137 12 20 95 180 145 145 153 171 26 32 137 7 40 78 124 53 142 133 152 104 80 130
132 15 765 69 195 58 242 14 111 69 12 28 209 81 9 114 53 26 73 25 152 75 125 159 108 21 16 198 240 7 95 13 129
133 15 872 73 182 86 168 137 213 90 38 78 248 17 232 47 211 125 237 28 130 78 91 18 4 110 140 23 192 49 92 131 220
134 15 1045 14 102 81 164 179 166 58 7 188 55 73 142 42 164 96 106 94 136 184 54 48 63 86 30 125 206 1 84 38 230
135 15 919 48 195 8 99 205 157 25 106 120 98 60 152 215 230 31 178 91 194 5 101 2 68 30 181 19 166 203 20 87 48
136 15 944 139 214 22 248 160 88 120 88 6 167 28 17 94 174 42 242 202 175 51 202 97 94 36 78 37 98 33 160 113 231
137 15 940 8 57 120 199 131 11 110 88 113 105 153 80 72 162 15 1 76 7 75 5 31 4 23 165 199 226 21 83 28 78
138 15 1199 51 94 183 42 88 19 20 145 74 71 191 48 228 184 11 59 146 102 17 15 184 107 170 38 114 199 5 245 17 164
139 15 916 78 154 148 64 3 193 94 50 104 208 93 112 56 198 126 159 78 44 30 160 25 142 11 7 16 168 125 159 159 115
140 15 750 45 97 8 220 4 179 136 177 114 41 11 247 18 52 110 236 35 216 34 193 17 203 146 73 187 162 19 237 54 118
141 15 824 45 87 16 80 52 41 92 119 118 121 109 201 60 114 55 118 164 14 81 44 37 151 17 202 8 210 112 66 65 16
142 15 818 75 237 67 107 37 139 16 171 185 196 51 153 77 31 59 62 87 31 134 141 12 48 10 156 34 71 118 195 61 26
143 15 876 126 224 76 164 21 218 49 145 14 156 77 62 21 17 77 82 155 14 114 191 92 112 81 53 187 157 2 211 3 240
144 15 672 152 38 17 172 4 95 25 221 23 96 64 159 88 239 54 205 23 138 63 104 2 228 140 93 133 153 41 129 11 214
145 15 611 145 132 57 89 1 175 25 2 62 86 37 247 6 113 1 92 3 42 64 118 125 42 62 93 67 79 45 3 64 23
146 15 1136 177 75 81 189 201 238 78 96 95 122 20 236 207 40 92 112 21 188 72 250 73 219 6 204 180 217 26 102 92 33
147 15 1210 97 21 139 35 140 140 59 183 155 194 165 186 184 81 155 148 40 111 118 169 126 243 11 82 45 42 28 202 51 95
148 15 884 28 179 169 188 25 240 24 94 24 225 61 238 2 182 68 239 146 196 49 208 53 152 10 161 178 112 111 58 158 42
149 15 907 78 132 80 64 72 78 24 12 37 25 14 171 140 161 18 116 144 207 133 114 164 16 16 229 140 77 37 3 37 22
150 15 896 52 238 115 165 42 191 146 81 29 193 20 4 111 171 11 38 131 249 100 247 128 85 79 198 7 72 47 196 103 34
151 15 934 28 14 177 181 125 37 6 101 166 201 3 163 30 154 93 56 64 21 158 229 74 105 3 209 64 48 22 135 155 206
152 15 801 80 74 37 8 56 224 69 83 110 204 84 8 29 6 117 114 46 216 42 119 25 75 127 206 41 102 124 156 15 196
153 15 836 86 142 110 185 31 230 139 104 29 155 43 14 7 229 81 198 64 95 36 46 58 171 32 175 131 125 151 106 48 20
154 15 1201 13 66 180 189 68 211 124 37 105 63 15 96 244 45 88 250 127 96 59 48 76 8 59 203 58 206 113 105 173 109
155 15 1126 25 174 138 94 14 234 138 239 182 89 192 242 191 95 129 147 105 38 20 242 117 51 19 140 6 128 2 129 130 100
156 15 972 148 218 13 100 122 46 42 142 92 114 68 84 113 183 37 49 139 63 200 244 18 139 155 182 19 11 19 139 31 78
157 15 968 130 75 1 50 38 157 46 223 121 163 5 26 104 81 38 156 22 36 116 77 106 104 131 1 248 69 38 179 67 150
158 15 853 39 18 78 80 24 124 52 29 61 56 203 201 28 6 154 80 131 33 80 214 32 116 98 13 54 240 20 211 13 230
159 15 496 42 81 56 145 43 131 25 32 65 214 1 98 95 199 36 247 13 145 30 53 65 213 76 112 44 187 1 3 28 181
160 15 1031 216 20 214 9 21 128 68 70 17 148 19 120 142 38 3 55 173 91 57 197 60 238 60 232 68 185 153 63 18 138
161 15 927 129 142 130 96 69 92 129 109 143 46 42 167 12 126 95 216 69 141 4 238 11 186 195 245 78 193 44 169 9 229
162 15 856 125 18 76 22 84 74 39 205 49 16 100 189 66 119 54 67 38 183 62 111 23 248 43 167 41 228 78 74 193 211
163 15 812 17 104 121 191 98 189 1 171 56 94 20 8 20 84 20 127 101 169 119 97 176 82 119 14 79 48 55 187 14 213
164 15 920 82 149 179 106 86 184 15 236 129 93 5 225 181 221 157 96 64 91 36 38 47 136 43 132 19 85 39 216 68 107
165 15 917 69 240 176 137 38 221 129 81 10 161 37 109 56 213 7 23 122 153 36 233 46 234 34 95 16 69 178 245 193 176
166 15 1203 6 166 49 14 77 151 48 212 180 54 169 21 77 143 177 9 221 205 179 238 16 78 63 149 23 107 72 93 147 223
167 15 711 8 95 22 16 130 2 10 153 74 212 1 149 31 227 42 209 20 213 217 57 21 57 24 135 10 135 213 233 66 201
168 15 900 122 207 62 144 31 13 99 248 33 197 68 78 29 25 21 97 122 126 16 12 136 5 43 150 73 78 126 238 145 170
169 15 1181 94 241 101 94 30 241 229 242 1 227 73 233 129 114 43 178 146 169 51 157 104 105 14 74 158 122 202 208 102 130
170 15 847 68 199 102 48 20 169 100 123 17 42 32 166 33 155 35 183 124 76 106 246 1 47 124 59 128 16 63 37 106 233
171 15 1133 111 184 111 7 73 205 88 17 144 152 106 165 66 16 33 120 81 78 124 8 146 30 65 173 99 95 73 49 97 121
172 15 1163 155 150 53 226 111 50 161 96 65 80 79 178 92 167 80 22 3 148 100 64 103 36 161 155 213 19 1 140 77 248
173 15 924 100 100 161 35 179 42 23 49 44 167 14 248 1 187 97 32 10 84 77 62 44 72 183 249 137 12 31 235 55 29
174 15 972 56 94 63 44 36 88 62 195 24 90 39 51 57 157 192 53 107 187 146 140 57 122 96 104 94 248 120 194 66 200
175 15 515 17 178 15 212 17 226 108 106 29 248 91 145 66 28 30 58 39 66 20 219 29 133 56 121 33 145 39 240 55 61
176 15 1000 199 50 30 4 89 19 38 108 82 65 73 91 8 184 73 221 134 181 12 154 113 127 77 130 163 89 108 35 51 127
177 15 688 144 16 22 246 3 4 49 60 25 50 104 150 69 169 53 173 155 116 130 77 47 153 16 185 28 71 7 71 8 23
178 15 915 80 239 44 157 91 132 8 72 21 170 229 31 20 13 93 157 41 70 155 142 63 237 200 151 30 149 59 39 10 250
179 15 684 78 3 6 129 54 168 102 39 108 95 82 12 57 180 35 180 25 37 101 154 66 242 13 30 3 47 37 177 88 235
180 15 1112 138 225 172 39 3 187 133 36 94 17 127 114 67 58 166 212 36 128 51 20 88 81 49 167 9 135 114 192 144 190
181 15 1150 83 132 123 6 2 227 213 191 162 162 133 3 212 164 7 88 29 239 62 167 66 192 74 85 68 210 70 162 134 56
182 15 1073 135 69 139 103 148 204 119 237 44 199 6 204 5 104 111 188 64 160 87 246 74 71 79 44 208 12 12 162 111 70
183 15 587 16 36 52 181 6 242 99 242 45 245 10 121 10 57 23 210 6 215 63 36 54 150 150 212 8 170 118 99 74 127
184 15 912 47 22 12 242 91 90 21 53 56 182 16 44 14 129 107 163 214 75 126 233 80 48 6 108 126 85 206 245 18 71
185 15 1016 104 159 6 25 87 209 15 19 86 176 180 154 91 122 76 158 4 205 95 102 216 113 172 231 85 187 7 214 47 234
186 15 1072 115 126 180 125 31 249 53 27 69 148 72 39 239 246 12 220 215 39 23 43 31 76 105 80 83 135 39 39 74 96
187 15 714 18 75 136 57 80 50 26 37 80 92 40 111 5 227 76 91 22 82 36 102 21 21 113 112 24 96 134 160 82 177
188 15 1043 9 200 235 237 25 58 52 208 91 91 110 29 9 14 79 18 152 154 137 157 8 74 76 27 104 124 27 157 190 198
189 15 807 18 9 3 192 76 87 48 181 62 24 113 169 33 157 22 40 106 197 97 130 112 195 42 143 110 72 65 18 102 20
190 15 759 77 8 59 187 7 220 132 151 101 77 138 225 90 110 19 3 18 240 31 48 33 105 145 200 11 26 13 13 75 83
191 15 1015 204 80 102 172 87 151 126 225 135 227 61 40 90 41 12 222 4 215 40 214 111 14 43 72 171 6 4 11 79 73
192 15 887 27 147 104 16 83 33 127 111 18 150 83 167 46 180 9 154 5 48 114 169 138 184 32 199 61 4 116 58 146 180
193 15 1020 80 50 77 58 36 164 177 236 101 173 35 42 36 60 94 215 6 184 200 143 37 95 102 35 17 47 129 200 149 70
194 15 610 78 35 18 170 9 115 131 87 9 240 7 91 35 116 155 242 66 68 22 229 41 115 18 187 78 89 3 115 93 242
195 15 926 162 171 37 6 102 97 69 12 32 227 13 42 67 163 53 84 2 42 103 69 84 33 42 148 140 5 74 223 178 1
196 15 948 94 141 45 43 49 220 44 133 39 39 214 207 15 55 137 239 155 141 63 9 21 12 106 206 7 169 195 41 2 130
197 15 899 96 236 59 79 57 156 23 181 70 67 79 140 23 54 114 96 158 40 61 5 85 226 12 63 105 215 105 9 77 142
198 15 752 125 110 76 155 109 192 41 72 5 110 41 151 30 44 28 20 4 210 138 220 115 229 77 211 44 138 86 2 21 159
199 15 1044 146 154 27 102 62 223 50 216 62 155 58 61 18 161 167 180 115 82 120 151 179 12 139 140 25 14 100 137 38 247
200 15 948 6 99 225 4 33 101 134 143 78 203 25 244 27 41 53 134 102 179 15 64 143 145 7 100 64 160 100 155 174 94
201 15 1177 47 116 7 211 204 124 179 245 93 4 130 28 96 95 76 17 103 24 27 9 32 171 45 226 240 236 151 154 42 214
202 15 1266 110 223 170 140 50 23 223 239 62 122 8 159 36 151 103 92 7 66 196 114 114 87 77 36 161 83 212 58 54 114
203 15 850 110 249 29 157 17 69 91 185 108 15 42 6 181 160 192 174 108 45 8 243 2 117 67 183 58 197 49 188 1 11
204 15 1127 4 114 125 59 63 42 141 37 133 103 72 204 188 121 153 166 110 6 1 77 58 244 81 176 99 62 168 208 13 13
205 15 865 63 26 11 157 43 187 31 133 110 207 117 12 155 91 33 19 91 214 12 82 62 60 155 225 118 100 22 85 59 84
206 15 852 38 45 72 227 82 13 37 219 45 194 8 151 167 30 94 164 143 129 61 71 34 105 40 185 91 160 107 89 46 178
207 15 786 49 114 60 145 19 3 54 54 41 175 24 104 134 81 46 201 104 69 39 82 50 222 66 20 89 16 150 159 58 179
208 15 1312 109 33 50 129 138 131 85 211 88 87 139 194 115 130 158 37 42 249 119 131 141 60 181 155 57 110 184 123 34 208
209 15 893 42 94 123 29 24 222 132 11 5 250 21 6 12 100 114 93 91 112 144 55 10 247 33 80 160 23 161 24 45 196
210 15 888 50 169 19 159 71 170 7 199 17 112 26 33 131 195 133 175 7 239 5 170 108 205 136 193 133 135 150 41 117 153
211 15 629 45 143 35 57 18 29 50 33 24 55 24 24 103 30 65 168 66 51 120 221 114 194 17 122 20 170 12 149 74 238
212 15 810 167 85 89 58 60 224 169 131 44 8 138 207 26 192 83 61 24 101 4 15 81 26 48 83 11 158 37 176 32 201
213 15 984 64 36 98 212 40 138 99 24 65 241 140 151 2 148 168 200 152 70 72 145 36 217 1 214 65 108 117 208 111 49
214 15 831 51 200 185 53 55 74 43 140 6 211 41 224 32 40 4 92 39 83 80 125 48 186 142 6 51 233 121 151 141 194
215 15 876 68 156 10 37 28 210 31 137 66 159 21 152 37 54 95 66 105 115 138 82 42 125 113 12 153 195 184 11 5 76
216 15 736 26 95 55 207 9 106 22 246 17 158 14 106 34 100 176 17 196 121 143 129 68 218 7 118 76 125 48 211 30 120
217 15 765 169 209 6 247 56 197 100 37 107 84 79 216 29 92 117 88 15 106 40 139 43 233 36 167 139 133 2 125 19 91
218 15 620 93 88 34 181 5 109 121 121 109 228 160 56 28 220 71 82 49 9 8 151 18 56 29 37 10 228 32 215 8 138
219 15 965 69 47 13 105 56 96 44 200 108 108 3 39 70 53 97 167 99 33 166 215 198 195 32 237 50 52 173 150 29 113
220 15 1144 127 26 153 177 23 211 29 170 82 147 158 70 35 108 109 68 194 169 17 61 105 89 132 100 96 15 124 74 47 109
221 15 836 57 156 11 14 41 174 112 136 193 99 161 172 52 90 11 205 62 182 43 160 46 210 74 109 170 73 7 49 6 15
222 15 932 166 69 40 88 129 212 111 73 40 103 22 37 82 143 101 126 159 121 26 182 69 225 21 194 36 17 76 240 88 241
223 15 1052 77 11 51 94 76 112 82 65 74 61 115 152 190 151 58 116 222 112 134 199 40 104 21 9 127 243 16 35 33 26
224 15 1108 83 25 131 84 84 28 142 225 125 135 80 234 81 150 54 47 17 99 74 177 12 25 123 199 124 42 59 200 197 154
225 15 976 50 136 159 130 45 160 67 115 74 154 161 7 29 150 87 209 54 222 44 148 49 32 143 125 138 162 111 61 9 163
226 15 830 100 93 104 106 109 240 41 68 2 4 114 183 17 62 37 157 56 8 76 68 72 206 82 240 75 110 16 67 137 93
227 15 834 25 4 18 85 3 172 179 34 26 69 155 248 43 12 34 145 73 222 10 164 122 90 87 51 27 242 137 224 104 170
228 15 768 31 176 105 118 118 48 70 186 14 99 23 120 118 35 44 50 27 93 106 141 141 222 2 102 44 145 55 211 63 103
229 15 789 28 136 99 137 110 48 50 70 88 200 117 56 17 22 80 164 187 28 16 236 96 178 61 120 14 192 6 208 18 17
230 15 812 146 155 21 34 91 148 174 149 160 156 58 82 52 103 23 103 1 87 13 139 65 53 92 209 94 86 20 160 6 146
231 15 920 42 116 13 3 192 67 183 91 66 197 85 168 106 182 41 168 100 196 107 109 45 104 12 166 101 169 45 172 12 225
232 15 1104 119 106 71 91 84 16 79 120 236 100 53 10 127 103 68 31 19 67 98 244 177 199 32 185 85 10 92 35 41 246
233 15 969 157 114 33 32 141 249 36 181 108 20 15 129 51 246 59 116 33 213 167 15 72 206 126 13 33 159 52 77 129 56
234 15 772 104 45 48 85 198 70 58 172 45 46 7 73 107 243 45 156 92 171 18 112 74 146 43 31 50 105 14 96 63 235
235 15 724 12 21 16 88 3 184 181 103 78 175 211 190 23 180 41 90 56 173 14 42 20 149 4 138 82 132 81 117 84 199
236 15 656 52 175 27 132 217 70 3 210 30 142 73 40 122 117 7 40 18 249 112 187 29 9 12 31 74 224 9 138 35 212
237 15 740 45 250 92 110 62 227 20 64 135 108 36 205 150 224 118 29 4 74 44 81 65 154 65 229 16 79 9 132 64 38
238 15 759 120 175 15 179 42 250 123 60 40 106 31 173 15 19 86 21 19 133 38 119 41 210 149 198 27 138 158 112 45 157
239 15 926 148 168 83 104 76 249 158 78 112 30 13 88 13 103 147 158 13 74 94 237 53 200 109 184 34 221 8 141 97 170
240 15 808 78 90 121 190 21 34 28 238 16 147 27 188 95 217 46 91 60 38 12 23 90 96 35 107 162 62 181 165 38 111
241 15 1057 3 60 84 56 162 92 46 134 186 198 62 18 96 12 40 40 176 46 96 239 17 219 102 210 203 128 33 73 16 127
242 15 1302 3 225 42 226 141 65 85 109 143 223 113 181 59 124 163 186 222 100 61 249 219 5 141 103 92 193 123 219 21 186
243 15 937 117 66 73 159 68 152 108 198 36 160 75 128 80 113 11 148 68 115 150 94 31 180 63 111 121 86 44 90 127 194
244 15 960 24 198 96 127 23 61 147 231 131 245 13 73 12 40 2 147 82 127 67 18 84 94 158 50 85 219 98 152 178 128
245 15 912 8 6 88 65 151 171 55 71 9 120 32 204 116 121 69 35 139 26 109 15 67 51 62 63 8 39 127 173 101 135
246 15 960 174 99 176 219 26 154 54 131 12 153 72 193 112 93 25 64 36 129 60 194 47 119 165 117 66 56 159 224 16 231
247 15 1068 21 37 135 156 17 7 74 165 127 168 22 193 178 65 20 115 115 95 27 108 72 91 94 32 148 133 167 48 118 130
248 15 840 122 150 21 43 3 57 15 110 143 195 49 224 27 36 205 149 84 125 142 109 59 104 17 46 128 29 4 78 31 134
249 15 1045 78 113 24 92 132 113 65 171 120 209 14 37 146 116 32 163 48 197 138 216 48 63 130 116 24 171 201 47 107 32
250 15 1078 47 115 10 239 162 134 72 79 117 93 42 187 84 116 63 236 117 76 61 119 188 225 14 33 188 171 1 67 182 199
