1 15 DPWeight 1777 10050 45.334295 111110111111011
2 15 DPWeight 1752 13380 34.18698 111111111101011
3 15 DPWeight 1523 7665 21.32481 011111110111111
4 15 DPWeight 1716 11175 34.640532 110110111111111
5 15 DPWeight 1861 10710 66.562188 110111111111101
6 15 DPWeight 2285 10020 29.245587 011111111110111
7 15 DPWeight 1868 11880 42.063778 111111011111101
8 15 DPWeight 1948 13860 45.783471 011111111111110
9 15 DPWeight 1812 10830 30.523637 101111101111011
10 15 DPWeight 2053 8040 27.89797 110111111111011
11 15 DPWeight 1258 8685 34.800303 110110111110101
12 15 DPWeight 1947 11880 39.897397 111011110110111
13 15 DPWeight 1488 14730 66.988986 111111111111001
14 15 DPWeight 1933 5910 10.684646 111111111011011
15 15 DPWeight 1519 13830 25.505296 101101111011011
16 15 DPWeight 1819 13020 23.461819 111111111111101
17 15 DPWeight 1995 11385 21.086827 111100111111111
18 15 DPWeight 2249 8490 19.076274 101111111101111
19 15 DPWeight 1961 15165 27.83555 111111110111011
20 15 DPWeight 1863 10350 18.917068 111111111111101
21 15 DPWeight 2217 14685 35.406761 111111101011111
22 15 DPWeight 1366 14580 26.824592 111110111110110
23 15 DPWeight 2133 14625 27.463828 010111111111111
24 15 DPWeight 2029 11220 20.230599 100111011111011
25 15 DPWeight 1300 10530 19.562133 011110111111110
26 15 DPWeight 1773 11520 24.341219 111110111110101
27 15 DPWeight 2173 15450 28.11649 011011111101111
28 15 DPWeight 2011 14175 25.797887 111111001011111
29 15 DPWeight 1879 13080 25.963779 110011111111111
30 15 DPWeight 1865 15540 31.026052 011111110111101
31 15 DPWeight 1934 13635 24.414882 111011111111011
32 15 DPWeight 1173 12465 23.185027 111111110101111
33 15 DPWeight 1902 12315 22.461683 111101111110111
34 15 DPWeight 1930 9795 19.837362 111111110111011
35 15 DPWeight 1567 12000 22.050266 111110111110111
36 15 DPWeight 1858 14625 26.919387 111111111001110
37 15 DPWeight 1921 14775 27.131838 111111111101110
38 15 DPWeight 1848 10230 22.268474 111111111101011
39 15 DPWeight 1824 12075 21.688403 111111101110111
40 15 DPWeight 1788 17865 32.721209 111111011111011
41 15 DPWeight 1941 12555 23.018609 111111101110111
42 15 DPWeight 1680 9120 16.834797 111110111111111
43 15 DPWeight 1506 13305 28.805497 010111111101111
44 15 DPWeight 2647 9435 18.068057 111111101011111
45 15 DPWeight 1824 9780 18.411158 111111111010011
46 15 DPWeight 1456 12450 23.244812 110111011110110
47 15 DPWeight 1436 9960 22.34756 111111111010111
48 15 DPWeight 1792 12315 22.701125 111111111100111
49 15 DPWeight 1760 12900 24.22 111111101111101
50 15 DPWeight 1763 9915 18.752545 110111111111011
51 15 DPWeight 2063 13080 24.09342 111111101101111
52 15 DPWeight 1591 12420 27.805704 011111111111111
53 15 DPWeight 2005 16080 29.940567 111111100111111
54 15 DPWeight 1989 8145 15.379736 110111111011101
55 15 DPWeight 1755 11880 25.458058 110111101111111
56 15 DPWeight 1763 13995 26.8556 111011101111111
57 15 DPWeight 1856 8895 16.490546 101111111100111
58 15 DPWeight 1548 11580 21.605385 011111111101111
59 15 DPWeight 1985 11280 25.628756 111010111111011
60 15 DPWeight 1957 10320 25.307471 110111111111111
61 15 DPWeight 2064 5880 10.951306 111111111011111
62 15 DPWeight 1412 12900 26.578387 010111111111111
63 15 DPWeight 2318 10440 19.692891 101111111111101
64 15 DPWeight 1896 9675 18.573255 111111011111111
65 15 DPWeight 1685 11055 24.17516 111101111111111
66 15 DPWeight 1928 11850 22.213406 011111111011011
67 15 DPWeight 1590 9180 16.912343 111110111011111
68 15 DPWeight 1702 13815 26.110457 111111111111000
69 15 DPWeight 1335 14130 25.903757 111101111011111
70 15 DPWeight 1401 12855 27.409459 111011111111110
71 15 DPWeight 1218 12255 23.064558 111110011111111
72 15 DPWeight 1625 12570 23.244541 111101111111010
73 15 DPWeight 1816 12690 24.86757 111111111111100
74 15 DPWeight 1913 12465 24.451509 111111110111110
75 15 DPWeight 1766 11700 21.931013 110111111111110
76 15 DPWeight 2325 9720 18.207748 111111111000111
77 15 DPWeight 1980 14985 28.186972 111111111110110
78 15 DPWeight 1692 15435 32.709009 111110011111111
79 15 DPWeight 1481 12120 22.878988 111011100111111
80 15 DPWeight 1825 15105 27.8783 111110110111111
81 15 DPWeight 1563 17070 35.080556 111111110101111
82 15 DPWeight 1956 10065 18.701284 011101111101111
83 15 DPWeight 1884 13725 25.776225 110101111111111
84 15 DPWeight 1993 8820 16.408151 111111111110101
85 15 DPWeight 1901 12870 24.125191 101111111011110
86 15 DPWeight 1531 15780 31.78976 111111010111111
87 15 DPWeight 1455 10320 19.400181 111110111111101
88 15 DPWeight 2052 12240 22.566122 111101111111101
89 15 DPWeight 1864 10605 20.180081 111111101111011
90 15 DPWeight 2010 11820 23.465039 110110101111111
91 15 DPWeight 2010 9135 17.603824 111111111101110
92 15 DPWeight 1724 8940 16.490109 111111111101011
93 15 DPWeight 1866 10830 20.584195 111111011111110
94 15 DPWeight 1582 17400 33.528824 111011010111111
95 15 DPWeight 1926 11025 21.502962 111100111111101
96 15 DPWeight 2058 17310 31.860449 111111111011101
97 15 DPWeight 1654 11205 23.123526 110110111110111
98 15 DPWeight 1608 15165 30.080447 111111001111011
99 15 DPWeight 1933 15690 29.458628 011101111111111
100 15 DPWeight 1506 6765 12.755394 111011111011011
101 15 DPWeight 1532 10935 20.529619 111101111111111
102 15 DPWeight 1613 12300 23.066711 001111111111111
103 15 DPWeight 2208 14385 26.698163 011101111111111
104 15 DPWeight 995 9300 17.406048 011111110110111
105 15 DPWeight 1080 7500 14.212617 111101011111111
106 15 DPWeight 1561 7965 14.941222 111001111111111
107 15 DPWeight 1693 10410 19.401178 111101111111011
108 15 DPWeight 1981 14370 28.248346 101111101101111
109 15 DPWeight 2258 13725 26.076163 111101111011111
110 15 DPWeight 1991 15390 30.699585 111111111111010
111 15 DPWeight 1642 9120 17.374417 111110101101111
112 15 DPWeight 1984 17040 33.162581 111011111011111
113 15 DPWeight 2050 13710 26.616768 110111101111111
114 15 DPWeight 1921 10665 20.684416 111111110110111
115 15 DPWeight 1810 13260 25.843282 111111111110101
116 15 DPWeight 1661 10440 20.30606 111111111111000
117 15 DPWeight 1494 15000 28.870224 111110011111111
118 15 DPWeight 1985 11310 21.976857 111011111101111
119 15 DPWeight 2452 11235 21.282364 111111011110111
120 15 DPWeight 1692 13380 25.769713 110111111111100
121 15 DPWeight 1676 12270 23.216645 111111010111110
122 15 DPWeight 1759 11880 22.978 111111110111101
123 15 DPWeight 2140 9480 18.055023 111111101111101
124 15 DPWeight 1644 12630 24.511645 111111111011110
125 15 DPWeight 2096 10665 20.598702 111111010111111
126 15 DPWeight 2371 11745 22.429026 111111111111001
127 15 DPWeight 1892 16440 31.806816 111111011111101
128 15 DPWeight 1307 14010 26.720123 111111011101110
129 15 DPWeight 1678 11745 22.676212 111110111011111
130 15 DPWeight 2058 9690 18.68121 111010111111111
131 15 DPWeight 2005 12705 24.564561 110111111101111
132 15 DPWeight 1711 11730 22.584887 110110111101111
133 15 DPWeight 1652 14520 27.90687 111111101011111
134 15 DPWeight 1911 9315 17.993456 100110111111111
135 15 DPWeight 1510 7965 15.289192 111111100111111
136 15 DPWeight 2132 13875 26.797423 111111101101111
137 15 DPWeight 1926 8415 16.555167 011111111111011
138 15 DPWeight 2158 8385 16.251819 111110111101111
139 15 DPWeight 1813 13380 25.703006 100111011111111
140 15 DPWeight 2184 15465 29.984622 111111101111110
141 15 DPWeight 1425 6180 11.964868 111111111011111
142 15 DPWeight 1462 10350 19.593381 011111100111111
143 15 DPWeight 1841 12315 23.894517 111111110110111
144 15 DPWeight 1957 14820 28.558897 111111111010110
145 15 DPWeight 1700 15315 29.21463 100111111111111
146 15 DPWeight 1578 9810 19.016527 101111110111111
147 15 DPWeight 2114 11910 22.588041 101111111101111
148 15 DPWeight 2036 11700 22.740545 111111010111111
149 15 DPWeight 1331 10410 19.894446 010111111111011
150 15 DPWeight 1877 14805 28.831002 100111111111111
151 15 DPWeight 1812 13530 25.888968 111111111110011
152 15 DPWeight 2170 16050 32.001257 111011111011101
153 15 DPWeight 2245 15360 29.641621 111010111111110
154 15 DPWeight 2102 8640 16.366552 101111111110111
155 15 DPWeight 1292 10935 21.208335 111111111111011
156 15 DPWeight 2024 10785 20.628269 011111111111101
157 15 DPWeight 1349 12855 25.061718 111111111011111
158 15 DPWeight 1689 10065 20.047787 111101111110101
159 15 DPWeight 1702 11820 23.101089 101111111111110
160 15 DPWeight 1637 10260 20.352653 011111101011011
161 15 DPWeight 1939 12000 23.070546 111111111101110
162 15 DPWeight 1685 11880 22.853671 011111111110111
163 15 DPWeight 1695 11325 21.393468 101111110111111
164 15 DPWeight 1632 8340 16.11368 011111101011111
165 15 DPWeight 1768 14340 27.223781 010111111111111
166 15 DPWeight 1502 11100 21.469314 111101101110111
167 15 DPWeight 2032 9900 19.096455 011111111011111
168 15 DPWeight 1482 15795 30.015647 111111011111101
169 15 DPWeight 1740 12720 24.746733 111101111011110
170 15 DPWeight 1998 14520 28.081095 100011111111011
171 15 DPWeight 1627 10380 20.046031 111111011111110
172 15 DPWeight 1511 13620 26.356574 011111111111110
173 15 DPWeight 1789 10500 20.246505 111101111110111
174 15 DPWeight 1933 12015 22.914062 110111111011111
175 15 DPWeight 1717 12750 24.617034 111100111110011
176 15 DPWeight 1803 13005 24.742299 111111101011111
177 15 DPWeight 1947 9840 18.932327 101111111111110
178 15 DPWeight 1733 10695 21.407683 110111010111111
179 15 DPWeight 1990 12360 24.341642 101111111111101
180 15 DPWeight 2140 12780 25.332442 011111111110111
181 15 DPWeight 2105 9810 18.814662 110111101111111
182 15 DPWeight 1755 11460 22.590648 110111101111111
183 15 DPWeight 1857 9660 19.386409 111011111011111
184 15 DPWeight 1817 7185 14.17987 111111101111111
185 15 DPWeight 1639 11640 22.363688 110111111101110
186 15 DPWeight 1644 15810 30.449585 111110101111111
187 15 DPWeight 1675 11460 21.866164 111111010111101
188 15 DPWeight 1923 15510 30.101934 111111111111010
189 15 DPWeight 1448 13275 25.647791 111110011111111
190 15 DPWeight 2025 14460 27.568394 111111110111011
191 15 DPWeight 1760 9075 17.669744 111111111111001
192 15 DPWeight 2213 11640 22.858357 111111011111110
193 15 DPWeight 1713 10140 19.63445 111111111101110
194 15 DPWeight 1753 12720 24.060057 111101011101111
195 15 DPWeight 1469 11265 21.897664 111111111111110
196 15 DPWeight 2038 12960 25.444465 101111111111110
197 15 DPWeight 1959 10500 20.189624 111111001111111
198 15 DPWeight 1615 14895 28.331648 101101111111111
199 15 DPWeight 1831 6960 13.902143 111110111111111
200 15 DPWeight 1808 10290 19.381278 101111111100111
201 15 DPWeight 1805 7950 15.050244 111110111101111
202 15 DPWeight 1707 11760 22.747634 111011111111011
203 15 DPWeight 1766 9540 20.514568 011101111101111
204 15 DPWeight 1445 13080 25.0505 011111111111011
205 15 DPWeight 2108 18540 35.975087 111111110111110
206 15 DPWeight 1909 12210 22.472292 111110101111111
207 15 DPWeight 1569 12240 23.031326 111110111111011
208 15 DPWeight 1703 11820 22.057906 001111111101111
209 15 DPWeight 1836 15360 28.898849 111111110111101
210 15 DPWeight 1343 10350 19.308982 111111011101101
211 15 DPWeight 1574 12030 22.680829 111111111011111
212 15 DPWeight 2011 16215 30.957425 111011111011111
213 15 DPWeight 1565 9690 18.766619 110111111111111
214 15 DPWeight 1756 9945 18.493216 111101111110111
215 15 DPWeight 1400 10830 20.341131 011110111111111
216 15 DPWeight 1748 13260 24.903964 111111010110111
217 15 DPWeight 2135 11760 22.342789 011101111111111
218 15 DPWeight 1816 8670 16.037491 111110111111101
219 15 DPWeight 1930 15525 29.19369 110111111110111
220 15 DPWeight 1660 11700 21.636124 101110111111111
221 15 DPWeight 1984 14655 27.515157 111111111011001
222 15 DPWeight 2310 11685 22.921653 111101011111111
223 15 DPWeight 1773 10050 18.89682 111111111101101
224 15 DPWeight 1766 8715 16.99999 111111111111011
225 15 DPWeight 1746 15195 28.620789 111111111100110
226 15 DPWeight 2053 13275 25.051656 111111110111111
227 15 DPWeight 1631 11160 20.833241 111101111110111
228 15 DPWeight 2279 14640 27.410063 011111101111111
229 15 DPWeight 2202 10560 19.468403 111100111111111
230 15 DPWeight 1882 13890 26.157829 011111111111101
231 15 DPWeight 1668 8895 16.966069 101111111111111
232 15 DPWeight 2289 13305 25.226682 111101111111011
233 15 DPWeight 2145 15540 28.470677 101111111111101
234 15 DPWeight 2015 13335 23.91469 111101111111110
235 15 DPWeight 1899 16020 29.836429 001111111011111
236 15 DPWeight 2074 10680 19.136111 111111101101111
237 15 DPWeight 1960 16710 30.523173 111110001111111
238 15 DPWeight 1905 12720 22.692744 110101111111111
239 15 DPWeight 1385 10680 21.249319 110111111111110
240 15 DPWeight 1793 12330 22.078458 111111111101011
241 15 DPWeight 1927 9000 16.477844 110111111111011
242 15 DPWeight 1851 9645 17.254279 100111111111111
243 15 DPWeight 1468 11385 20.763285 111010111010111
244 15 DPWeight 1876 9210 16.434215 111111111100111
245 15 DPWeight 2060 11295 20.610711 011111111111110
246 15 DPWeight 2005 11160 20.677914 110011110111111
247 15 DPWeight 1535 12135 22.376897 111110111111110
248 15 DPWeight 1960 13800 25.357896 110100111111111
249 15 DPWeight 2203 15570 28.530368 111111110111011
250 15 DPWeight 1896 10065 18.039665 011011111111111
