1 15 670 57 62 118 159 9 152 45 184 34 125 103 87 6 58 167 190 55 211 4 23 85 212 26 200 73 3 49 95 7 106
2 15 892 57 31 44 195 51 206 32 158 117 165 209 173 31 205 99 51 19 42 35 145 50 24 37 126 205 95 9 49 120 206
3 15 511 80 23 14 131 8 206 42 7 25 181 35 93 23 2 24 108 52 5 28 154 152 29 22 129 9 205 5 116 120 162
4 15 745 29 242 154 134 109 79 183 93 36 64 125 67 25 160 126 145 42 136 11 122 7 54 41 99 30 209 7 159 7 99
5 15 714 116 207 139 173 110 86 14 224 113 103 43 53 27 151 22 133 19 164 1 37 17 187 96 167 61 199 79 79 36 63
6 15 668 79 18 34 176 46 219 2 170 19 113 130 225 113 246 65 217 30 128 65 192 12 13 131 126 86 175 14 233 9 178
7 15 792 167 223 20 120 61 130 7 135 61 208 18 146 81 54 81 189 24 103 79 152 39 146 36 80 30 65 130 82 156 171
8 15 924 141 42 5 33 22 244 14 208 51 96 69 184 127 170 192 123 98 221 50 129 52 122 35 122 40 123 82 173 177 89
9 15 722 92 222 20 65 112 185 107 85 12 140 40 166 10 29 35 13 16 174 43 109 53 218 154 222 132 3 25 131 52 131
10 15 536 16 227 27 83 55 75 29 201 32 177 17 185 22 179 116 123 83 181 2 246 25 76 21 135 103 9 36 83 86 157
11 15 579 53 111 9 81 32 31 10 151 213 132 24 5 40 83 16 208 59 120 152 240 7 42 20 31 1 18 87 64 1 72
12 15 792 58 74 6 183 112 233 49 46 70 217 102 103 20 173 110 175 58 56 31 166 13 127 129 6 38 80 47 225 148 191
13 15 982 84 186 42 45 24 29 36 99 35 6 73 223 174 200 162 158 95 31 50 45 150 160 46 116 19 37 124 27 114 190
14 15 394 54 170 39 201 13 4 30 225 30 177 33 120 4 132 105 127 12 237 64 99 6 11 17 144 64 17 2 137 20 248
15 15 922 55 177 90 29 125 172 138 148 20 25 59 78 31 95 46 91 89 67 91 34 38 193 83 223 43 21 140 166 105 109
16 15 868 139 24 13 232 104 16 71 228 5 217 55 168 16 164 5 13 144 233 15 101 39 73 72 151 173 192 226 7 8 7
17 15 759 124 175 114 242 27 173 9 22 44 22 164 86 44 166 36 82 75 211 72 178 7 250 50 216 28 145 30 105 125 30
18 15 566 48 159 139 38 11 222 68 213 22 87 12 235 70 82 74 216 23 248 40 250 67 43 65 241 10 53 5 186 54 57
19 15 1011 65 134 139 215 180 176 45 111 87 207 88 234 161 113 76 138 172 29 19 139 13 180 25 136 103 18 62 58 29 120
20 15 690 12 125 98 203 110 122 37 173 3 182 6 106 133 84 18 58 115 123 34 228 34 175 34 226 50 40 178 61 1 18
21 15 979 71 144 43 195 142 233 56 241 142 106 136 158 37 154 185 89 130 187 71 6 75 210 3 179 80 240 1 77 52 93
22 15 972 87 243 26 38 44 90 24 91 126 75 56 18 152 124 95 85 18 106 181 103 56 89 148 9 28 101 115 221 60 39
23 15 975 218 143 8 191 96 45 110 94 48 186 124 179 39 159 7 96 12 206 143 205 11 68 185 209 21 168 73 152 124 220
24 15 748 13 108 27 40 44 22 95 216 32 131 27 83 60 39 121 168 73 233 169 189 69 176 13 235 78 12 25 246 89 244
25 15 702 142 98 63 77 112 97 19 237 2 109 31 1 123 124 5 169 74 49 24 82 31 130 35 31 172 119 17 76 28 12
26 15 768 32 63 103 163 24 210 91 172 58 110 53 28 55 150 32 241 37 215 91 63 41 40 31 28 135 216 125 24 53 130
27 15 1030 72 11 143 93 50 194 143 50 143 191 214 94 39 236 2 173 39 195 74 151 109 10 72 211 19 188 120 232 49 215
28 15 945 37 72 115 211 121 214 36 100 153 204 93 118 159 93 16 7 70 192 66 100 84 183 54 230 98 163 49 90 31 234
29 15 872 38 206 23 209 124 30 183 59 11 149 17 63 86 42 28 179 41 209 3 41 212 99 144 163 48 174 76 216 56 129
30 15 1036 84 25 28 29 40 249 75 227 99 65 109 188 109 155 153 205 91 38 193 92 35 165 49 244 26 189 118 28 87 57
31 15 909 17 109 145 162 105 248 71 7 29 36 10 122 80 90 7 69 82 205 82 248 68 178 34 224 203 155 82 143 122 100
32 15 831 12 27 65 150 3 20 149 123 52 128 56 11 218 125 3 38 73 53 30 61 137 57 39 106 64 142 128 122 10 120
33 15 821 153 242 16 224 3 217 29 45 193 117 12 17 16 128 123 220 114 135 69 228 136 89 36 4 63 178 53 160 11 19
34 15 653 15 124 72 249 24 87 12 178 22 128 77 130 4 221 53 218 144 79 60 148 14 168 152 125 30 40 12 100 126 54
35 15 800 20 179 113 85 116 169 6 110 72 172 105 59 118 146 23 200 82 86 5 27 11 161 112 40 132 135 66 70 19 27
36 15 975 77 77 162 209 15 143 9 248 12 60 148 92 134 222 152 203 80 239 47 13 33 4 32 54 114 69 22 242 182 69
37 15 985 13 109 61 139 150 111 19 177 18 55 36 122 74 93 18 176 134 237 191 178 97 51 148 156 50 129 56 239 167 46
38 15 682 111 246 4 11 56 45 60 149 23 113 3 29 32 249 43 250 119 77 67 227 159 4 64 166 82 22 20 199 10 87
39 15 805 36 74 37 218 13 243 26 82 171 139 27 111 41 234 115 27 84 129 49 24 123 158 120 83 86 110 13 199 66 103
40 15 1191 62 190 109 227 149 132 89 125 128 121 84 209 121 6 125 204 139 136 93 179 4 61 79 137 197 95 60 65 50 2
41 15 837 36 34 119 229 117 152 42 156 26 194 63 83 150 239 167 61 67 183 25 47 22 246 103 60 32 122 43 61 35 195
42 15 608 1 226 61 74 115 33 39 47 13 184 182 15 39 107 47 178 5 113 5 88 31 213 1 86 18 41 53 168 151 122
43 15 887 55 16 37 136 109 63 10 94 18 129 219 217 20 46 150 152 47 23 17 194 66 17 131 136 131 98 40 192 59 89
44 15 629 26 70 50 205 91 246 22 195 12 238 40 132 137 175 73 26 45 235 106 103 65 227 1 216 36 217 22 249 61 242
45 15 652 7 113 65 216 37 236 109 103 40 192 26 122 38 59 41 50 25 248 54 11 49 141 49 36 91 21 119 178 65 166
46 15 830 31 57 83 199 71 87 80 104 86 125 95 136 32 1 31 213 57 144 90 147 130 147 91 88 7 38 135 146 19 38
47 15 664 89 62 18 65 12 173 60 149 1 42 49 183 177 200 98 85 16 83 17 30 38 75 149 111 69 69 25 221 12 29
48 15 821 42 65 30 248 36 83 5 187 114 190 36 141 73 134 46 121 24 221 28 143 191 18 25 7 106 62 131 66 140 131
49 15 860 22 234 17 178 29 51 172 130 46 18 28 178 97 70 135 41 2 73 146 147 78 239 77 92 66 116 93 69 67 234
50 15 661 90 221 35 237 39 8 25 163 3 188 61 115 153 157 54 57 129 152 34 63 28 224 9 67 157 99 6 66 4 53
51 15 872 86 82 145 249 3 155 41 88 56 218 96 229 9 116 116 55 5 113 19 183 143 88 99 218 63 231 24 22 185 159
52 15 828 217 30 45 7 71 131 47 118 12 158 104 92 18 163 11 239 50 110 16 49 26 27 131 97 172 115 69 69 47 216
53 15 1072 67 202 27 188 76 10 6 219 124 102 183 230 39 123 109 13 189 53 105 166 25 238 151 91 82 155 88 201 70 80
54 15 543 67 167 78 113 36 3 84 205 67 144 3 240 20 179 6 75 9 150 44 81 42 228 99 200 23 198 64 38 37 90
55 15 792 169 228 139 177 141 8 36 105 58 203 136 43 35 139 58 17 12 227 44 150 21 157 14 88 2 62 12 107 114 69
56 15 933 4 84 94 50 64 168 76 42 209 243 42 245 82 156 204 89 81 152 111 82 79 60 5 122 9 78 16 106 91 217
57 15 593 86 114 44 4 65 203 35 76 16 145 96 183 14 185 29 239 62 230 104 203 88 11 37 28 10 54 54 99 2 125
58 15 772 114 25 27 114 119 50 37 182 20 32 150 119 44 79 112 221 7 51 80 212 93 30 12 180 79 28 3 206 69 74
59 15 752 187 159 76 218 74 170 134 104 56 206 24 43 89 89 87 127 41 202 48 179 64 210 7 234 42 23 9 18 3 173
60 15 688 19 75 131 188 197 81 26 160 46 121 7 198 25 21 33 169 15 106 34 113 60 122 100 195 62 205 72 84 34 200
61 15 392 10 77 51 210 24 118 3 154 2 177 17 167 21 107 44 174 80 7 155 86 23 125 22 165 9 242 13 144 17 197
62 15 860 108 33 65 226 134 35 3 81 53 154 95 60 103 65 111 134 55 146 15 76 116 49 66 175 63 25 86 122 2 99
63 15 696 20 128 66 42 63 212 36 197 9 112 14 175 17 227 32 40 30 222 69 227 172 168 80 211 80 170 121 143 61 229
64 15 645 50 181 32 90 43 175 9 34 47 118 25 135 195 37 89 185 6 144 22 146 7 139 42 18 125 236 108 185 7 110
65 15 737 17 45 9 208 1 191 2 54 230 88 54 128 196 97 51 62 43 145 106 2 77 182 14 179 11 199 11 3 100 190
66 15 790 117 76 4 22 12 122 28 23 72 218 146 133 100 239 8 197 21 148 78 107 49 241 106 213 4 19 108 235 135 137
67 15 612 2 164 70 214 18 185 7 153 39 73 147 7 41 73 37 42 10 244 138 9 20 104 26 98 18 139 161 60 31 41
68 15 921 92 186 47 204 91 159 1 14 151 114 124 136 151 60 19 74 131 161 16 228 62 131 35 235 21 3 31 56 180 75
69 15 942 33 66 42 53 18 180 160 59 155 44 54 143 101 60 47 11 45 116 133 16 30 187 101 182 200 192 51 25 8 61
70 15 857 106 78 97 126 33 18 156 74 91 88 5 35 62 35 5 128 92 238 6 80 124 244 135 125 58 85 13 121 89 29
71 15 817 87 28 5 110 15 134 105 84 76 101 163 8 88 7 14 66 21 230 18 200 140 55 82 61 157 36 14 35 37 78
72 15 838 182 203 75 112 3 99 89 182 66 65 16 97 19 234 121 113 74 157 48 138 82 122 31 31 142 37 76 137 24 9
73 15 846 12 195 35 27 53 201 88 185 108 128 118 72 37 175 104 159 147 35 3 141 44 175 4 205 93 118 84 4 128 3
74 15 831 157 90 57 61 34 155 21 153 73 247 76 89 76 56 28 236 126 73 42 140 52 161 42 87 69 201 84 237 102 28
75 15 780 65 169 38 115 149 4 121 211 87 188 39 146 74 133 2 103 67 64 56 84 46 64 6 127 59 130 38 232 129 31
76 15 648 93 231 76 152 29 213 65 245 24 244 46 222 64 73 1 241 3 210 113 41 40 8 18 9 102 247 24 155 113 92
77 15 999 37 60 58 101 44 87 182 215 136 200 32 175 46 126 123 125 32 229 105 219 11 197 123 37 94 145 34 101 192 86
78 15 1029 8 36 59 193 8 68 49 196 78 141 209 45 84 31 44 102 94 207 101 32 162 192 229 181 26 12 109 134 27 198
79 15 808 12 177 17 27 54 231 105 14 45 85 149 156 85 74 79 23 32 20 19 44 103 70 3 106 72 240 122 138 113 133
80 15 1007 60 111 85 188 44 203 83 145 96 155 197 77 74 222 13 104 102 52 200 115 94 118 73 78 7 139 23 13 108 234
81 15 1138 88 82 86 188 23 163 8 112 75 9 31 145 78 222 24 121 141 2 136 213 211 11 139 95 150 162 52 5 181 46
82 15 671 81 14 1 49 42 230 17 73 67 64 10 174 90 223 191 132 58 105 47 227 25 1 14 167 17 175 101 178 78 223
83 15 915 128 157 23 46 173 30 103 101 141 2 39 111 56 220 85 137 22 35 196 219 54 247 10 101 62 208 37 64 15 238
84 15 588 50 207 45 230 26 23 44 134 88 186 22 54 25 121 31 187 9 189 91 151 35 146 96 140 68 219 83 100 23 146
85 15 858 15 35 126 57 148 206 100 163 70 114 46 221 48 60 109 146 5 231 79 78 3 112 95 231 129 245 67 137 33 20
86 15 1052 87 22 62 66 32 221 49 93 182 115 45 120 146 17 106 215 225 57 135 86 55 133 148 142 13 76 9 201 22 41
87 15 688 146 147 56 67 62 112 1 156 8 14 80 8 28 39 179 193 76 33 19 135 7 239 33 180 25 113 121 1 20 27
88 15 816 111 240 32 201 2 149 38 151 25 16 49 94 3 111 144 143 23 179 109 175 62 80 108 244 67 75 182 173 65 210
89 15 707 31 238 16 183 23 150 123 183 3 74 139 193 8 125 95 17 11 72 38 217 115 134 12 105 97 22 140 79 33 111
90 15 788 54 96 46 233 34 22 80 219 26 69 116 75 174 241 55 59 13 231 45 217 183 173 19 139 88 166 32 114 20 112
91 15 609 5 225 42 79 7 10 20 227 98 191 18 82 16 205 15 89 136 232 136 189 81 93 25 76 11 162 79 243 73 22
92 15 596 84 83 5 65 9 175 35 244 63 64 66 27 10 148 1 32 16 144 24 218 105 15 82 230 94 20 70 142 81 152
93 15 722 40 65 108 223 49 51 100 127 51 229 54 224 118 36 22 110 43 135 72 168 60 76 19 211 10 187 38 60 119 105
94 15 1160 21 19 118 227 199 169 157 29 3 53 123 242 97 25 20 148 37 18 99 55 140 215 160 57 137 199 132 192 8 6
95 15 735 63 164 53 229 109 124 41 85 38 33 28 61 72 98 32 208 53 250 104 198 48 154 14 207 12 50 130 66 122 159
96 15 1154 78 194 29 10 41 118 140 211 88 79 183 139 141 183 136 237 4 235 83 64 74 175 5 141 122 248 232 136 87 88
97 15 747 142 194 35 225 110 129 50 177 188 161 49 3 35 242 23 30 98 130 42 118 71 43 31 1 17 146 38 115 5 73
98 15 1011 36 195 200 231 6 183 94 50 14 54 123 192 75 39 124 50 20 11 35 226 107 54 113 219 102 7 34 103 181 90
99 15 1046 167 25 49 175 25 83 34 220 174 96 57 159 36 10 12 97 12 119 105 218 14 191 125 195 110 148 225 138 163 180
100 15 451 4 85 20 106 8 146 54 13 14 99 139 171 33 103 7 107 19 245 43 22 1 106 49 65 46 19 36 157 91 116
101 15 729 45 187 73 41 49 25 37 123 184 13 142 210 63 17 61 228 8 144 67 75 76 86 18 141 63 102 11 115 15 38
102 15 820 174 62 61 2 141 120 57 111 70 242 115 118 15 241 43 7 4 28 22 221 3 209 69 68 70 66 53 115 129 67
103 15 959 108 7 134 163 6 221 83 59 181 14 57 222 131 222 125 62 12 188 105 240 45 218 66 150 29 120 79 108 38 235
104 15 620 52 7 55 183 12 31 43 40 12 42 16 16 70 214 78 86 57 20 27 33 42 69 52 29 114 55 137 100 9 126
105 15 500 3 218 40 72 45 80 19 56 117 12 61 26 64 10 84 28 6 9 72 18 9 11 17 142 48 191 4 147 37 82
106 15 531 71 238 18 186 62 91 35 19 107 98 12 247 12 39 16 52 38 67 76 109 45 63 80 190 9 50 24 144 59 85
107 15 694 36 94 186 186 6 69 133 161 114 16 21 240 12 96 21 32 43 66 45 135 31 180 50 192 110 36 37 240 23 2
108 15 958 17 247 90 82 77 186 123 158 11 187 89 187 66 107 122 10 28 136 109 137 95 14 124 164 13 132 181 176 53 164
109 15 915 26 163 71 210 85 218 34 217 132 41 34 88 71 138 113 73 219 104 130 65 26 244 108 196 10 186 31 247 54 174
110 15 1026 13 181 119 171 108 53 121 73 71 178 48 154 23 193 10 242 18 190 67 100 166 163 60 197 45 32 185 96 229 60
111 15 608 44 66 30 167 81 205 50 61 17 27 83 30 16 40 17 6 3 84 168 210 53 54 51 214 18 187 86 141 44 240
112 15 1136 108 240 47 98 14 93 189 70 129 216 95 180 145 145 148 114 159 161 124 53 80 130 58 242 14 111 69 12 42 242
113 15 914 166 137 75 125 159 108 21 16 18 238 86 168 137 213 90 38 78 248 17 232 47 211 125 237 28 130 78 91 18 4
114 15 711 23 192 49 92 131 220 81 164 17 97 17 27 60 160 73 142 94 136 46 244 48 63 86 30 125 206 1 84 38 230
115 15 884 48 195 8 99 205 157 25 106 120 98 60 152 91 194 5 101 2 68 30 181 19 166 203 20 163 126 120 88 6 167
116 15 696 94 174 42 242 23 190 51 202 97 94 36 78 37 98 33 160 113 231 113 131 34 60 15 1 76 7 75 5 31 4
117 15 1000 199 226 21 83 28 78 11 165 51 94 183 42 88 19 20 145 74 71 191 48 67 225 11 59 146 102 17 15 144 183
118 15 754 114 199 5 245 17 164 158 14 78 154 32 69 104 208 93 112 56 198 126 159 78 44 30 160 25 142 11 7 16 168
119 15 749 16 249 125 159 136 206 8 220 4 179 136 177 114 41 4 171 35 216 34 193 17 203 146 73 89 124 19 237 54 118
120 15 892 45 87 16 80 52 41 92 119 130 117 109 201 60 114 55 118 237 249 81 44 37 151 17 202 8 210 112 66 65 16
121 15 818 75 237 67 107 37 139 16 171 185 196 51 153 77 31 59 62 87 31 134 141 12 48 10 156 34 71 118 195 61 26
122 15 792 126 224 76 164 21 218 49 145 14 156 77 62 21 17 77 82 155 14 114 191 92 112 81 53 3 240 80 45 4 95
123 15 632 23 96 64 159 88 239 54 205 23 138 63 104 2 228 140 93 133 153 41 129 11 214 61 214 1 175 25 2 62 86
124 15 842 10 238 37 247 6 113 1 92 3 42 64 118 125 42 62 93 67 79 45 3 177 75 81 189 13 78 155 238 207 40
125 15 711 21 188 72 250 73 219 6 204 34 52 26 102 92 33 64 199 97 21 52 23 155 194 65 45 6 215 118 169 8 236
126 15 783 44 163 28 202 28 179 169 188 11 185 61 238 2 182 68 239 146 196 49 208 53 152 10 161 158 42 80 64 72 78
127 15 1096 172 214 129 237 140 161 18 116 44 176 133 114 164 16 16 229 131 127 37 3 37 22 115 165 60 135 146 81 29 193
128 15 934 182 140 11 38 131 249 4 4 7 72 47 196 103 34 80 56 41 170 177 181 125 37 6 101 97 44 93 56 64 21
129 15 783 72 51 22 47 45 133 12 144 80 74 37 8 56 224 69 83 110 204 195 134 46 216 42 119 25 75 127 206 41 102
130 15 646 15 196 110 185 31 230 139 104 29 155 43 14 7 229 81 198 64 95 36 46 58 171 32 175 131 125 19 187 13 66
131 15 847 68 211 15 96 127 96 59 203 58 206 113 105 173 109 157 229 14 234 12 13 105 38 20 242 6 128 2 129 130 100
132 15 782 148 218 13 100 122 46 42 142 92 114 68 84 113 183 37 49 18 139 69 143 19 11 19 139 31 78 149 249 38 157
133 15 968 73 208 46 223 88 124 5 26 104 81 38 156 22 36 116 77 106 104 131 1 95 216 38 179 101 95 137 92 110 112
134 15 621 24 124 52 29 28 6 171 171 32 116 98 13 54 240 20 211 13 230 56 145 43 131 25 32 65 214 1 98 95 199
135 15 531 13 145 30 53 65 213 76 112 44 187 1 3 28 181 78 15 56 21 6 112 21 128 68 70 17 148 19 120 142 38
136 15 925 17 78 57 197 60 238 60 232 68 185 188 213 18 138 130 96 69 92 129 109 143 46 42 167 12 126 95 216 69 141
137 15 561 119 62 4 238 11 186 6 150 58 80 44 169 9 229 41 75 31 23 41 189 84 74 39 205 49 16 100 189 66 119
138 15 559 38 183 62 111 23 248 43 167 41 228 87 33 40 234 121 191 26 237 1 171 56 94 20 8 20 84 20 127 101 169
139 15 892 176 82 119 14 79 48 15 236 129 93 5 225 30 24 36 38 47 136 105 216 68 107 176 137 38 221 37 109 56 213
140 15 1031 131 129 36 233 46 234 34 95 16 69 178 245 6 166 49 14 77 151 48 212 190 167 78 241 77 143 102 99 221 205
141 15 412 16 78 19 207 23 107 22 16 74 212 1 149 24 36 42 99 20 213 113 11 10 135 18 98 50 19 39 32 44 24
142 15 690 31 13 3 99 54 169 68 78 29 25 21 97 122 126 16 12 136 5 43 150 73 78 126 238 10 67 101 94 30 241
143 15 821 1 227 18 47 137 170 43 178 146 169 51 157 104 105 14 74 129 13 43 250 102 130 102 48 20 169 100 123 17 42
144 15 988 96 80 35 183 31 215 106 246 1 47 124 59 96 177 52 195 106 233 111 7 73 205 88 17 144 152 106 165 66 16
145 15 1021 81 78 124 8 146 30 65 173 99 95 73 49 97 121 53 226 65 80 79 178 92 167 80 22 3 148 143 115 77 248
146 15 654 100 100 161 35 71 207 14 248 1 187 97 32 10 84 77 62 47 2 2 71 56 94 62 195 24 90 39 51 57 157
147 15 794 107 187 146 140 57 122 96 104 94 248 120 194 66 200 15 212 17 226 91 145 66 28 30 58 39 66 20 219 29 133
148 15 780 17 161 56 121 33 145 39 240 55 61 7 28 140 29 190 213 82 65 17 200 8 184 73 221 134 181 12 154 113 127
149 15 694 163 89 49 86 3 4 49 60 25 50 53 173 155 116 130 77 47 153 16 185 28 71 7 71 8 23 44 157 91 132
150 15 987 111 230 229 31 20 13 6 58 63 237 200 151 30 149 112 125 10 250 18 114 52 64 119 197 54 168 102 39 108 95
151 15 902 90 217 77 132 57 180 101 154 66 242 13 30 3 47 37 177 88 235 172 39 3 187 133 36 94 17 127 114 67 58
152 15 1070 19 246 166 212 36 128 51 20 88 81 49 167 9 135 114 192 144 190 123 6 2 227 213 191 162 162 133 3 29 239
153 15 1024 66 192 74 85 68 210 89 68 186 216 139 103 148 204 119 237 44 199 6 204 5 104 111 188 64 160 87 246 74 71
154 15 576 24 94 107 6 16 36 52 181 6 242 99 242 45 245 10 121 10 57 23 210 6 215 63 36 101 77 150 212 8 170
155 15 729 74 127 173 69 88 93 12 242 91 90 21 53 13 100 16 44 14 129 88 16 80 48 6 108 126 85 6 14 104 159
156 15 719 72 7 6 25 87 209 15 19 86 176 76 158 4 205 95 102 85 187 7 214 47 234 47 120 115 126 126 106 31 249
157 15 857 46 249 53 27 69 148 12 220 215 39 23 43 31 76 105 80 83 135 39 39 74 96 136 57 80 50 26 37 80 92
158 15 671 5 227 160 240 22 82 36 102 21 21 113 112 24 96 15 210 9 200 14 128 9 14 79 18 152 154 76 27 104 124
159 15 788 53 233 120 14 15 128 3 192 76 87 13 212 37 15 22 40 106 197 97 130 56 208 42 143 179 99 65 18 102 20
160 15 684 77 8 59 187 7 220 132 151 101 77 138 225 90 110 19 3 18 240 31 48 33 105 51 226 11 26 13 13 75 83
161 15 800 62 110 88 227 87 151 126 225 135 227 61 40 90 41 12 222 4 215 40 214 111 14 43 72 8 172 2 23 131 35
162 15 792 83 33 127 111 18 150 84 234 46 180 9 154 5 48 114 169 61 4 116 58 146 180 77 58 36 164 15 18 53 215
163 15 755 6 184 108 49 37 95 102 35 17 47 129 200 149 70 113 210 78 35 18 170 9 115 127 122 9 240 7 91 35 116
164 15 556 66 68 22 229 41 115 18 187 78 89 3 115 93 242 37 6 102 97 69 12 32 227 13 42 67 163 53 84 2 42
165 15 956 128 81 40 67 140 5 74 223 94 141 45 43 31 174 44 133 39 39 214 207 15 55 137 239 17 133 170 145 7 169
166 15 740 2 130 59 79 70 67 79 140 23 54 114 96 19 64 61 5 85 226 12 63 105 215 105 9 77 142 5 88 109 192
167 15 660 128 84 41 151 30 44 28 20 4 210 138 220 22 104 77 211 44 138 86 2 21 159 32 181 62 223 50 216 62 155
168 15 1053 55 48 58 61 18 161 167 180 115 82 120 151 179 12 139 140 25 14 100 137 38 247 39 61 6 99 225 4 33 101
169 15 848 67 83 39 85 48 163 25 244 27 41 15 64 143 145 7 100 64 160 96 23 47 116 7 211 204 124 179 245 93 4
170 15 968 81 198 76 17 103 24 27 9 32 171 45 226 240 236 151 154 42 214 30 79 28 123 20 236 50 23 223 239 62 122
171 15 692 39 176 8 159 36 151 103 92 7 66 4 11 114 87 86 91 54 114 60 107 110 249 29 157 17 69 91 185 108 15
172 15 908 124 13 42 6 181 160 8 243 2 117 49 188 1 11 81 125 4 114 125 59 63 42 72 204 188 121 85 121 110 6
173 15 700 129 182 1 77 58 244 81 176 99 62 43 114 13 13 11 157 43 187 31 133 110 207 117 12 15 66 33 19 91 214
174 15 801 49 189 155 225 118 100 22 85 59 84 72 227 45 194 8 151 18 128 87 92 143 129 61 71 34 105 40 185 91 160
175 15 850 119 184 107 89 46 178 60 145 19 3 54 54 41 175 24 104 134 81 46 201 50 222 66 20 89 16 150 159 58 179
176 15 867 109 33 50 129 88 87 139 194 42 249 100 120 34 208 123 29 24 222 132 11 5 250 21 6 12 100 114 93 91 112
177 15 656 48 80 33 80 9 244 25 52 81 123 7 199 17 112 26 33 131 195 133 175 7 239 5 170 108 205 58 120 133 135
178 15 713 98 206 35 57 18 29 50 33 24 55 36 144 103 30 83 180 66 51 30 128 114 194 129 179 20 170 12 149 74 238
179 15 824 167 85 193 82 60 224 18 68 26 192 68 247 81 26 48 83 11 158 37 176 32 201 86 151 40 138 99 24 65 241
180 15 852 87 64 100 175 2 148 168 200 78 100 72 145 36 217 1 214 65 108 117 208 51 200 185 53 55 74 43 140 6 211
181 15 654 18 162 27 53 32 40 4 92 30 237 80 125 9 243 142 6 51 233 121 151 141 194 57 212 68 156 10 37 28 210
182 15 764 66 159 21 152 37 54 95 66 105 115 138 82 42 125 184 11 5 76 134 168 26 95 55 207 9 106 22 246 17 158
183 15 644 46 160 14 106 34 100 143 129 68 218 7 118 76 125 48 211 30 120 43 46 56 197 79 216 29 92 117 88 15 106
184 15 479 49 114 40 139 43 233 36 167 19 91 34 181 5 109 160 56 28 220 71 82 49 9 8 151 18 56 29 37 10 228
185 15 776 8 138 100 130 69 47 13 105 56 96 44 200 108 108 3 39 70 53 97 167 99 33 166 215 56 151 32 237 50 52
186 15 1054 138 124 153 177 23 211 29 170 82 147 158 70 35 108 109 68 60 146 124 74 47 109 11 14 41 174 115 91 193 99
187 15 764 52 90 11 205 62 182 43 160 46 210 74 109 6 15 72 100 166 69 40 88 129 212 111 73 40 103 22 37 82 143
188 15 1034 48 177 101 126 69 225 21 194 36 17 76 240 88 241 206 190 60 90 51 94 76 112 82 65 74 61 115 152 190 151
189 15 885 40 104 21 9 127 243 16 35 33 26 153 62 83 25 167 92 84 28 26 246 125 135 80 234 81 150 54 47 17 99
190 15 964 12 25 123 199 197 154 57 246 50 136 159 130 45 160 67 115 74 154 42 194 54 222 44 148 49 32 143 125 89 171
191 15 605 9 163 104 106 11 213 41 68 2 4 40 143 52 111 37 157 72 206 82 240 75 110 16 67 137 93 76 59 3 172
192 15 776 26 69 3 209 43 12 34 145 73 222 10 164 122 90 128 189 27 242 137 224 104 170 98 141 31 176 16 250 118 48
193 15 676 14 99 23 120 91 110 32 91 27 93 106 141 141 222 2 102 44 145 55 211 63 103 10 106 28 136 99 137 110 48
194 15 848 35 56 104 214 88 200 117 56 17 22 80 164 187 28 16 236 96 178 6 208 18 17 39 104 146 155 21 34 91 148
195 15 751 160 156 58 82 52 103 23 103 1 87 13 139 65 53 42 203 94 86 20 160 6 146 158 32 42 116 13 3 192 67
196 15 864 32 209 183 91 66 197 85 168 106 182 41 168 55 94 142 93 45 104 12 166 101 169 45 172 12 225 71 91 84 16
197 15 700 137 35 47 83 103 232 98 244 52 151 32 185 85 10 92 35 41 246 15 66 11 179 15 129 51 246 59 116 38 47
198 15 993 189 140 126 13 33 159 52 77 129 56 48 85 198 70 79 137 45 46 7 73 107 243 45 156 92 171 18 112 74 146
199 15 464 23 135 43 31 50 105 14 96 63 235 141 157 10 233 16 88 3 184 41 90 56 173 14 42 20 149 4 138 82 132
200 15 686 34 97 119 13 181 152 3 210 30 142 73 40 122 117 7 40 18 249 112 187 29 9 12 31 74 224 9 138 35 212
201 15 530 45 250 92 110 62 227 20 64 27 234 118 29 4 74 44 81 16 79 9 132 64 38 43 64 5 120 72 120 42 250
202 15 784 145 120 31 173 15 19 151 35 19 133 38 119 41 210 25 113 94 103 49 199 76 249 158 78 112 30 13 88 13 103
203 15 636 90 26 53 128 13 74 14 73 51 13 67 101 97 170 86 140 78 90 121 190 21 34 28 238 16 147 27 188 34 227
204 15 872 60 38 12 23 90 96 35 107 162 62 50 124 3 60 29 94 162 92 46 134 112 155 40 40 176 46 96 239 17 219
205 15 1236 152 123 102 210 203 128 33 73 16 127 42 226 143 223 163 186 219 5 141 103 58 239 123 219 21 186 31 65 99 22
206 15 814 36 160 75 128 138 201 11 148 68 115 150 94 31 180 63 111 73 155 44 90 127 194 30 131 53 219 96 127 23 61
207 15 816 131 245 13 73 12 40 2 147 82 127 158 50 85 219 98 152 123 80 32 30 6 55 51 76 80 75 32 204 116 121
208 15 788 67 51 62 63 8 39 127 173 101 135 176 219 26 154 54 131 12 153 72 193 112 93 25 64 36 129 60 194 47 119
209 15 1024 18 210 165 117 66 56 159 224 16 231 27 242 21 37 155 177 178 65 20 115 115 95 27 108 72 91 94 32 148 133
210 15 690 118 130 21 43 3 57 15 110 143 195 49 224 27 36 142 109 59 104 17 46 128 29 4 78 31 134 28 33 78 113
211 15 802 2 61 7 16 42 232 14 37 146 116 88 96 48 197 35 128 24 171 201 47 107 32 10 239 162 134 72 79 45 36
212 15 1081 14 95 42 187 117 76 132 50 188 225 14 33 188 171 1 67 182 199 141 152 72 233 30 247 120 138 103 90 8 250
213 15 646 42 131 4 57 179 53 33 208 135 94 54 211 8 47 121 115 53 20 32 19 11 160 29 122 4 95 91 106 12 180
214 15 663 15 129 1 193 50 220 77 242 66 16 56 159 21 24 20 137 64 88 13 82 113 139 121 83 19 163 126 114 67 66
215 15 722 74 22 27 107 53 38 78 140 46 196 168 53 69 38 16 153 54 133 20 70 11 141 59 170 9 51 68 91 151 72
216 15 884 73 52 115 120 24 249 16 19 50 33 13 133 63 2 117 118 61 27 92 233 138 132 100 4 132 203 40 247 72 209
217 15 784 99 54 57 193 54 207 5 115 130 160 117 171 20 156 33 164 69 120 122 205 44 197 11 249 4 20 177 193 39 145
218 15 578 102 62 13 250 70 43 21 232 36 85 21 33 97 235 11 151 78 64 40 106 14 158 24 203 35 106 125 27 36 121
219 15 1035 57 237 74 43 137 55 52 234 175 130 137 69 21 173 90 81 21 214 98 127 8 209 131 67 191 155 93 95 9 163
220 15 780 15 171 113 19 112 66 34 204 114 240 147 40 35 222 28 57 25 174 58 145 30 2 220 61 10 156 12 92 22 70
221 15 977 184 219 84 138 123 210 61 152 29 175 19 78 56 101 85 237 56 191 156 119 98 140 16 196 69 57 44 32 142 147
222 15 779 18 178 132 248 40 120 86 225 127 49 114 233 134 19 22 36 41 212 25 162 28 226 31 131 27 244 67 163 82 132
223 15 670 60 94 24 76 18 110 102 95 193 244 2 242 15 44 16 114 51 30 6 129 110 20 28 220 64 219 95 21 54 156
224 15 581 9 144 5 146 32 90 67 35 121 132 50 189 29 178 12 229 138 191 5 2 7 49 18 165 171 20 44 107 19 109
225 15 1013 41 197 155 242 69 107 46 27 92 124 84 203 60 63 3 56 41 220 70 190 101 57 71 26 150 203 200 114 84 50
226 15 885 139 3 37 140 2 217 94 177 22 196 69 134 55 139 29 77 233 79 120 148 23 235 29 152 59 114 84 229 112 92
227 15 744 18 119 78 108 5 171 45 189 34 30 2 51 201 122 21 230 51 126 154 63 56 175 174 25 2 65 85 77 5 135
228 15 976 186 116 39 241 57 240 179 236 77 235 6 45 9 73 152 8 62 228 101 149 56 141 40 147 141 249 32 233 84 62
229 15 704 9 64 65 233 50 219 85 179 108 56 74 23 149 135 109 127 57 149 70 235 20 206 1 99 8 233 62 236 13 87
230 15 926 79 10 24 68 51 186 67 174 85 93 15 118 38 206 127 121 42 193 143 76 154 203 36 44 102 235 184 51 11 165
231 15 593 54 135 169 21 6 82 30 81 5 26 89 191 5 6 4 103 144 154 61 238 19 185 1 218 71 57 58 84 26 108
232 15 887 13 198 12 219 155 201 72 81 62 35 31 239 6 193 25 76 168 136 70 128 6 184 3 206 190 47 161 188 135 240
233 15 1036 112 198 157 78 53 172 136 206 5 206 8 28 1 209 84 86 149 214 91 175 152 240 91 148 30 116 134 128 93 147
234 15 889 1 243 93 219 62 235 40 193 128 20 167 139 139 110 73 78 13 104 20 12 141 234 107 205 10 151 23 92 95 37
235 15 1068 161 77 71 14 4 138 25 195 141 222 33 129 33 17 128 196 103 219 76 50 24 184 82 133 196 201 94 131 165 134
236 15 712 28 49 66 141 28 229 45 240 2 113 34 3 7 56 113 29 47 181 146 248 128 50 110 209 20 186 92 175 24 244
237 15 1114 124 161 27 156 174 234 121 211 70 31 112 5 14 1 164 32 48 219 113 173 2 100 152 120 45 158 103 149 124 248
238 15 848 74 184 67 204 163 64 106 137 60 8 59 27 81 233 89 15 1 191 101 168 41 225 103 129 31 141 72 220 12 31
239 15 712 152 111 46 90 34 16 8 168 133 121 63 136 14 220 34 76 10 15 67 200 3 14 48 147 10 17 110 70 159 40
240 15 822 29 76 18 169 144 182 71 103 50 186 52 219 41 182 36 22 44 244 59 35 103 45 11 67 118 9 196 234 56 74
241 15 600 111 223 73 174 99 116 6 190 9 44 31 206 63 244 2 234 134 164 9 78 3 143 8 9 61 15 63 96 79 122
242 15 643 58 78 99 55 77 11 33 247 84 63 106 141 49 93 59 29 36 168 50 228 55 230 3 9 33 157 17 234 45 174
243 15 759 90 129 34 127 37 168 43 7 29 138 81 31 140 49 104 128 84 249 49 18 63 247 41 2 105 99 2 86 47 48
244 15 614 4 217 34 247 87 247 50 146 29 7 11 87 44 26 80 140 37 74 56 158 59 15 99 30 8 201 43 148 127 178
245 15 753 19 28 61 156 6 48 64 123 98 100 50 217 5 239 83 200 10 126 198 149 8 213 23 226 114 64 29 199 174 107
246 15 744 89 247 84 50 90 33 47 15 76 220 19 162 36 194 115 110 83 12 65 78 93 197 72 103 30 150 8 244 23 250
247 15 809 22 177 125 200 98 68 52 31 3 121 167 6 118 231 33 28 117 29 43 67 29 225 14 206 42 131 51 21 98 7
248 15 920 108 117 26 123 152 26 16 118 41 39 33 78 149 195 58 124 105 223 154 233 16 199 142 227 47 164 70 160 33 77
249 15 1038 37 242 96 210 72 57 59 115 26 204 107 230 92 65 36 52 130 57 171 208 73 228 71 211 188 72 47 221 93 160
250 15 671 12 24 99 93 99 67 159 134 22 124 17 245 122 171 25 31 16 217 12 174 79 151 19 201 99 106 27 166 32 150
