1 15 1637 DPWeight 22485 44.260139 111110101111111
2 15 1503 DPWeight 21870 38.949257 111111111110111
3 15 1451 DPWeight 17715 31.23564 110110111101111
4 15 1256 DPWeight 24405 43.187286 111111001111110
5 15 1567 DPWeight 20610 36.851992 111111101110011
6 15 889 DPWeight 21780 38.551135 101111111011110
7 15 1584 DPWeight 23220 41.251059 111011011111011
8 15 1512 DPWeight 23850 42.042797 111111110110011
9 15 1680 DPWeight 22365 41.728706 101101111111111
10 15 1092 DPWeight 24720 69.163969 101111101111111
11 15 1025 DPWeight 23625 111.10029 111111101101111
12 15 1442 DPWeight 24750 78.573737 111011101111110
13 15 1578 DPWeight 24900 43.613932 111111111010111
14 15 1673 DPWeight 21255 37.930147 111110101011111
15 15 1640 DPWeight 25515 47.964397 111111101111010
16 15 1563 DPWeight 29085 64.574063 111111111001101
17 15 1277 DPWeight 29925 60.870021 111110011111101
18 15 1419 DPWeight 28605 54.51506 111001110111111
19 15 1652 DPWeight 22275 46.736349 111111110011110
20 15 2009 DPWeight 22785 47.917768 111110110111111
21 15 1558 DPWeight 22410 41.674415 110111111111011
22 15 1066 DPWeight 22155 38.38894 110111101110111
23 15 1299 DPWeight 23940 42.616353 111111111101011
24 15 1462 DPWeight 20745 36.727112 011110111101111
25 15 1296 DPWeight 22080 38.425332 111010111111111
26 15 1293 DPWeight 25185 44.257262 101110111101111
27 15 1301 DPWeight 23430 41.464385 111111111110101
28 15 1426 DPWeight 17460 31.526795 110111111111101
29 15 1500 DPWeight 20520 36.787223 101111111110011
30 15 1639 DPWeight 24540 43.738839 101111101111111
31 15 1354 DPWeight 22920 41.885325 001111110111111
32 15 1431 DPWeight 27450 50.615684 101111111111101
33 15 1504 DPWeight 20220 38.762694 111101111111011
34 15 1563 DPWeight 23055 41.838107 111101101111110
35 15 1442 DPWeight 24915 44.832669 101011110111111
36 15 1391 DPWeight 19290 34.522857 111111101111001
37 15 1444 DPWeight 19260 34.372975 111111111100101
38 15 1527 DPWeight 20625 35.967358 101110111111111
39 15 1328 DPWeight 21930 38.752453 111111011101101
40 15 1561 DPWeight 20490 35.659282 110101011111111
41 15 1600 DPWeight 23025 40.023972 111111111100111
42 15 1623 DPWeight 24825 43.318412 011111111101110
43 15 1426 DPWeight 23760 41.200211 111111110101011
44 15 1327 DPWeight 21495 38.230555 111111111011011
45 15 1298 DPWeight 18300 32.509139 111100111111111
46 15 1035 DPWeight 17775 33.863319 111111101111110
47 15 1473 DPWeight 18360 37.475112 101101111111101
48 15 1556 DPWeight 28785 53.593204 111111111010111
49 15 1210 DPWeight 18240 36.176761 111111101110111
50 15 1342 DPWeight 18450 35.196034 110111111110111
51 15 1115 DPWeight 23940 44.943499 111011111101111
52 15 1642 DPWeight 28620 54.315148 001111111111011
53 15 1389 DPWeight 22920 41.932076 110111111101111
54 15 1525 DPWeight 23745 44.441892 101111111011111
55 15 1522 DPWeight 24675 47.108266 111101011111111
56 15 1646 DPWeight 25755 51.635181 011011111110111
57 15 1368 DPWeight 21660 38.519214 101011011011111
58 15 1516 DPWeight 22020 39.894825 111001111111111
59 15 1537 DPWeight 22875 41.62256 011111011011111
60 15 1149 DPWeight 24435 60.941968 111111011101111
61 15 1545 DPWeight 25335 45.861234 110111111011110
62 15 1665 DPWeight 28845 52.340352 101101111111101
63 15 1868 DPWeight 22110 39.867924 111111110101111
64 15 1468 DPWeight 25080 43.42348 111111111110011
65 15 1238 DPWeight 24300 42.418013 101101111111111
66 15 1167 DPWeight 27300 47.719121 110111011111111
67 15 1291 DPWeight 21675 37.674364 111110111110110
68 15 1131 DPWeight 17760 31.909019 111111011101110
69 15 1293 DPWeight 21045 38.835654 111100011111111
70 15 1587 DPWeight 17340 56.992795 111111011111110
71 15 1284 DPWeight 22590 68.649194 110111111110111
72 15 1378 DPWeight 21225 46.30436 110111111101111
73 15 1550 DPWeight 23910 60.19072 111010111111011
74 15 1392 DPWeight 18825 35.681858 110111011111111
75 15 1758 DPWeight 21660 44.151881 111010111101111
76 15 1357 DPWeight 26520 50.89222 111010111111111
77 15 1333 DPWeight 22380 40.916335 111111100011111
78 15 1484 DPWeight 23055 50.568087 111011111101110
79 15 1407 DPWeight 27165 52.22139 111111111111011
80 15 1180 DPWeight 25605 59.184516 101101101111111
81 15 1278 DPWeight 22155 50.024381 111111111001111
82 15 1364 DPWeight 17460 32.177827 111101111111100
83 15 1132 DPWeight 24525 45.069027 011111011111101
84 15 1512 DPWeight 26280 48.673536 101101111111101
85 15 1207 DPWeight 22470 41.348917 111101101110111
86 15 1328 DPWeight 22185 41.255238 111111110101111
87 15 1455 DPWeight 28035 51.621215 001111101111111
88 15 1303 DPWeight 23175 85.441062 111101101011110
89 15 1402 DPWeight 25080 76.194983 110110111111111
90 15 1358 DPWeight 25080 59.896062 011111101111111
91 15 1375 DPWeight 20865 60.756744 111111111111010
92 15 1483 DPWeight 23940 54.01068 101110111111011
93 15 1241 DPWeight 22650 46.290907 111111011101111
94 15 1502 DPWeight 24900 48.119675 011111111110111
95 15 1431 DPWeight 21045 37.175973 101111111101011
96 15 1320 DPWeight 26085 46.443683 111111111001111
97 15 1461 DPWeight 22440 44.772623 110110111111101
98 15 1325 DPWeight 21330 43.533329 011111111011111
99 15 1630 DPWeight 16050 28.782513 111001111111111
100 15 1371 DPWeight 19755 35.958706 110111111111100
101 15 1511 DPWeight 26910 53.079154 111111110111101
102 15 1432 DPWeight 27615 61.29798 101111011111101
103 15 1452 DPWeight 19875 48.199485 110111101111111
104 15 1059 DPWeight 22080 43.79466 111111100111111
105 15 1216 DPWeight 18075 39.419914 111111111101111
106 15 1834 DPWeight 22665 53.262432 001111111111111
107 15 1566 DPWeight 25860 58.295167 101110111111011
108 15 1483 DPWeight 23580 50.6674 101111110111110
109 15 1098 DPWeight 24210 48.828468 011111011111111
110 15 1853 DPWeight 21750 43.695146 110111111101111
111 15 1426 DPWeight 25320 58.278325 110111110111101
112 15 1471 DPWeight 21240 40.392736 111111111101011
113 15 1777 DPWeight 18270 33.339115 011011111111011
114 15 1742 DPWeight 16845 32.263356 111111110110111
115 15 1325 DPWeight 19155 43.56701 111011111111101
116 15 1397 DPWeight 22680 47.888573 011110111101111
117 15 1470 DPWeight 18675 40.736602 111111010111111
118 15 1346 DPWeight 22260 48.938762 111101110111111
119 15 1423 DPWeight 28335 62.942835 111111101111001
120 15 1241 DPWeight 16980 39.374038 111011111110011
121 15 1548 DPWeight 22710 51.078312 001111011111111
122 15 1402 DPWeight 19470 46.113039 111101111011111
123 15 1257 DPWeight 21810 45.974137 111111100111101
124 15 1278 DPWeight 19605 44.533427 101111111101111
125 15 1548 DPWeight 17910 37.686084 111110111101111
126 15 1618 DPWeight 16590 37.393195 110111111110110
127 15 1212 DPWeight 28740 84.172487 111111110111100
128 15 1680 DPWeight 22230 62.183397 101101111111111
129 15 1261 DPWeight 21405 39.853654 111111010111111
130 15 1688 DPWeight 20475 39.421668 101111110111111
131 15 1188 DPWeight 23475 43.297716 111111110001111
132 15 1287 DPWeight 25470 46.119458 111111111011000
133 15 1552 DPWeight 20235 35.765917 111111111111011
134 15 1033 DPWeight 21345 37.498744 101101101111111
135 15 1819 DPWeight 20520 37.310534 011101111111111
136 15 1669 DPWeight 27000 50.250627 111011111101011
137 15 1526 DPWeight 20880 39.49138 111111101101111
138 15 1705 DPWeight 27180 49.574801 110111101011111
139 15 1649 DPWeight 26580 51.927007 101111110111110
140 15 999 DPWeight 20820 37.621178 011111101110111
141 15 981 DPWeight 17835 32.371928 110111111111101
142 15 1173 DPWeight 23025 42.346268 111111010110111
143 15 1284 DPWeight 18735 33.193509 110111011111111
144 15 1418 DPWeight 28200 48.864697 111101101011111
145 15 1179 DPWeight 19740 34.57553 111101111001011
146 15 1255 DPWeight 19830 34.453599 111111001011111
147 15 1588 DPWeight 20550 35.81333 101111111101111
148 15 1745 DPWeight 25620 44.572227 111101101111110
149 15 1164 DPWeight 24180 41.509022 111110101101111
150 15 1560 DPWeight 19350 33.631017 101111111111010
151 15 1402 DPWeight 23880 41.413049 011111110111011
152 15 1833 DPWeight 19485 33.943081 111110101111111
153 15 1521 DPWeight 27720 48.27199 111111111110110
154 15 1686 DPWeight 21870 38.198236 110111100111111
155 15 1440 DPWeight 20865 36.837649 111111111110110
156 15 1341 DPWeight 25875 46.26805 111111110101101
157 15 1244 DPWeight 24420 48.727237 101111110111011
158 15 1328 DPWeight 22440 44.69748 111111110101111
159 15 1252 DPWeight 24345 48.980226 111110101101111
160 15 1146 DPWeight 22545 43.266651 111011111111011
161 15 1538 DPWeight 23775 46.138585 110111111101111
162 15 1236 DPWeight 17700 36.550813 011111101111111
163 15 1754 DPWeight 23085 43.924805 111100111111111
164 15 1256 DPWeight 23460 46.426676 110111101111110
165 15 1446 DPWeight 25170 49.513201 001111110111111
166 15 1326 DPWeight 21270 41.466006 101111101011111
167 15 1822 DPWeight 27645 53.22053 111111111011011
168 15 1710 DPWeight 26370 51.4106 111111011111001
169 15 1344 DPWeight 21180 37.648691 111011111111101
170 15 991 DPWeight 19800 34.817202 111110111110111
171 15 1502 DPWeight 29595 52.366494 111011110010111
172 15 1242 DPWeight 28380 50.209967 111111111111011
173 15 1206 DPWeight 15450 28.970098 111110110111111
174 15 824 DPWeight 26820 47.512496 111101111110011
175 15 1341 DPWeight 20985 37.378226 101111101111011
176 15 825 DPWeight 27525 52.301051 111110101111111
177 15 1579 DPWeight 22470 39.537076 110101110111111
178 15 1584 DPWeight 22200 39.518728 111111110110111
179 15 1286 DPWeight 24105 43.460071 101111111001111
180 15 1434 DPWeight 27615 52.816803 111111011101011
181 15 1492 DPWeight 18840 33.794473 111110111111110
182 15 1318 DPWeight 25680 44.75528 101011111011111
183 15 1311 DPWeight 19320 33.460742 111110011110111
184 15 1533 DPWeight 19275 33.433901 001111111111110
185 15 1683 DPWeight 26220 45.515672 101111111011111
186 15 1351 DPWeight 24690 43.165268 011111101011111
187 15 1498 DPWeight 23280 39.872879 111011111100111
188 15 1656 DPWeight 23190 40.352785 011010111111111
189 15 1580 DPWeight 24525 42.962433 110110110111111
190 15 1411 DPWeight 32145 55.951062 110011101111111
191 15 1367 DPWeight 18255 31.565555 101111101111011
192 15 1378 DPWeight 23250 40.858985 110111110111111
193 15 1153 DPWeight 19830 35.511246 110111111111011
194 15 1422 DPWeight 16335 28.834945 111110111111101
195 15 1295 DPWeight 20415 36.226873 011111111011111
196 15 1614 DPWeight 26400 47.497138 110111111111101
197 15 1593 DPWeight 30000 53.209666 111111011110101
198 15 1527 DPWeight 25665 45.525718 011111101111111
199 15 1605 DPWeight 22860 39.501036 111100111111111
200 15 1185 DPWeight 26745 46.326636 100111111111011
201 15 1572 DPWeight 26550 46.189445 111111111110011
202 15 1357 DPWeight 20190 35.135794 111111110111100
203 15 1440 DPWeight 21180 36.703198 111111001111111
204 15 1648 DPWeight 22005 38.469512 111011111111011
205 15 1615 DPWeight 28905 51.063224 111111011110101
206 15 1267 DPWeight 18480 32.892665 111101111011111
207 15 1552 DPWeight 33540 58.565582 111011011101111
208 15 1062 DPWeight 20220 35.628485 111111111100110
209 15 1586 DPWeight 14520 25.359842 111111111111001
210 15 1572 DPWeight 24240 42.465132 111111110101111
211 15 1292 DPWeight 27180 48.447224 111111111101101
212 15 1342 DPWeight 20835 38.573999 101011111111111
213 15 1655 DPWeight 25035 47.384919 111111101111001
214 15 1499 DPWeight 15120 26.244987 011011111111111
215 15 1468 DPWeight 21465 37.077842 111111111011011
216 15 1068 DPWeight 27900 48.452166 101111101111011
217 15 1265 DPWeight 19920 34.836389 101111010111111
218 15 995 DPWeight 21360 37.014308 100111011111111
219 15 1396 DPWeight 22020 37.995166 111111011111011
220 15 1052 DPWeight 27840 48.230248 011100111011111
221 15 1447 DPWeight 23220 40.479648 111101110011111
222 15 1568 DPWeight 19305 33.895998 100111111111111
223 15 1626 DPWeight 22890 40.129292 111101111101111
224 15 1267 DPWeight 24000 42.165592 101111111111101
225 15 1292 DPWeight 18825 33.025918 011111111011111
226 15 1283 DPWeight 20355 35.512318 111111101011111
227 15 1230 DPWeight 28620 49.26961 111101111101101
228 15 1147 DPWeight 28590 49.566956 110111001111111
229 15 1123 DPWeight 19005 33.131809 010111111111011
230 15 1389 DPWeight 25515 44.32178 111110111101011
231 15 1421 DPWeight 21990 37.971272 111101111111101
232 15 935 DPWeight 21945 38.259903 101111111010111
233 15 1324 DPWeight 28200 48.928259 111001111011111
234 15 1148 DPWeight 24000 41.469213 111110101111111
235 15 1321 DPWeight 26310 47.613498 111101001111111
236 15 1026 DPWeight 25800 45.829469 111111101101111
237 15 1093 DPWeight 19080 33.960005 111101110111111
238 15 1299 DPWeight 25305 45.267657 110101110111111
239 15 1607 DPWeight 22965 41.094351 011111011111111
240 15 1598 DPWeight 22275 39.81281 111111111011011
241 15 1693 DPWeight 25755 46.085355 111111101111110
242 15 1179 DPWeight 20310 36.494571 111101011111111
243 15 1275 DPWeight 22140 39.513056 101011111111111
244 15 1470 DPWeight 25950 46.115325 110111101110111
245 15 1021 DPWeight 25920 46.376813 111011111011111
246 15 1379 DPWeight 19320 34.42635 110111111111011
247 15 1112 DPWeight 20655 37.21305 110011111111111
248 15 1426 DPWeight 23340 41.22965 111111110111011
249 15 1154 DPWeight 15960 28.359398 011111101111111
250 15 1721 DPWeight 23100 39.976817 111100111111111
