1 15 DPWeight 2105 22800 71.9802 111101111011111
2 15 DPWeight 1481 26160 58.641605 100111111111011
3 15 DPWeight 2089 25125 57.134574 110111111101111
4 15 DPWeight 1469 25080 52.156483 111001110111011
5 15 DPWeight 1939 31845 70.887914 101111011111011
6 15 DPWeight 1623 23280 52.250072 011101111101111
7 15 DPWeight 1711 25395 52.407578 111110111111011
8 15 DPWeight 1904 24765 56.10625 111110011111110
9 15 DPWeight 1914 31800 66.090724 111011101111011
10 15 DPWeight 2106 31980 67.129167 100111111111101
11 15 DPWeight 1887 33285 89.209961 110111110011111
12 15 DPWeight 1914 29700 70.069484 111101011110111
13 15 DPWeight 1618 19650 56.543772 110111110111110
14 15 DPWeight 1542 20625 60.649681 101111111101111
15 15 DPWeight 2025 25410 62.996771 111111111111001
16 15 DPWeight 1606 23115 52.878336 101111001111101
17 15 DPWeight 1929 28800 64.58334 111110101111110
18 15 DPWeight 1954 26700 55.334861 011111011101111
19 15 DPWeight 1882 26370 56.615791 111111011011111
20 15 DPWeight 1685 28260 63.315462 011101111011111
21 15 DPWeight 2178 21900 47.770368 111111111001111
22 15 DPWeight 2177 22140 56.018279 010111111111011
23 15 DPWeight 1735 28080 61.966613 110111110111111
24 15 DPWeight 1918 26550 64.698842 111011111111010
25 15 DPWeight 1975 24300 55.846145 111011101101111
26 15 DPWeight 1539 22020 51.580826 110111111111001
27 15 DPWeight 1586 18480 46.0733 111111111101101
28 15 DPWeight 1553 25320 68.06737 111110111111101
29 15 DPWeight 1285 25830 58.829 110111111111011
30 15 DPWeight 1845 31785 69.664532 110010111111111
31 15 DPWeight 1732 25740 56.716133 101111111111110
32 15 DPWeight 1639 33030 71.620806 111111110111110
33 15 DPWeight 1730 23175 51.014612 101111111111001
34 15 DPWeight 1974 25530 68.861868 101111011111011
35 15 DPWeight 1766 29820 113.032961 111110011011111
36 15 DPWeight 2100 28350 66.177343 111101111100111
37 15 DPWeight 2159 23760 84.231252 011110110111111
38 15 DPWeight 1433 23535 62.144467 111111110111011
39 15 DPWeight 1643 22290 52.034816 111101111111010
40 15 DPWeight 1637 24270 48.773804 111101110111111
41 15 DPWeight 1483 24315 46.915938 111101011111110
42 15 DPWeight 1865 27735 54.381258 111110011101111
43 15 DPWeight 1859 23415 51.469975 110110111111011
44 15 DPWeight 2064 23040 47.391284 111111111011110
45 15 DPWeight 1722 25440 53.048614 111011110101101
46 15 DPWeight 1740 21645 45.414763 110111111110111
47 15 DPWeight 1655 25620 54.780073 111010111111011
48 15 DPWeight 2025 24960 56.230078 111111110001111
49 15 DPWeight 1254 24870 54.741313 111110111110110
50 15 DPWeight 2217 29520 67.487132 101011111011111
51 15 DPWeight 1497 26625 56.742865 111111111011110
52 15 DPWeight 1967 25410 52.837223 011111110011111
53 15 DPWeight 1805 25665 52.844391 111011011011111
54 15 DPWeight 1704 27060 55.562491 111011101111101
55 15 DPWeight 1521 27660 55.947455 111111011110101
56 15 DPWeight 2230 21300 43.320371 111101111111101
57 15 DPWeight 1484 22980 45.036338 111111111010110
58 15 DPWeight 1878 29265 57.567647 110111111011101
59 15 DPWeight 2198 20775 39.766512 110111111011111
60 15 DPWeight 1297 21480 41.613537 111111011011101
61 15 DPWeight 1541 27540 53.805401 111111111011101
62 15 DPWeight 1729 31755 63.668699 101111011111110
63 15 DPWeight 2068 23685 51.971909 111101110111111
64 15 DPWeight 1750 28860 60.703851 100111111111101
65 15 DPWeight 1756 26280 51.45697 100111110111111
66 15 DPWeight 2201 21480 41.828201 001011111111111
67 15 DPWeight 1427 28635 56.35406 111011111110111
68 15 DPWeight 1143 25680 49.749021 111101011111110
69 15 DPWeight 1619 25470 50.098515 111011111101101
70 15 DPWeight 1824 24630 46.31379 101110111111011
71 15 DPWeight 1180 19500 36.732058 111011110111110
72 15 DPWeight 1946 19275 36.125856 111111111100111
73 15 DPWeight 1801 24435 46.353987 111111101110011
74 15 DPWeight 1352 29655 56.052258 101110111111010
75 15 DPWeight 1676 21360 40.924462 111001111111011
76 15 DPWeight 1927 25530 48.189448 111011111111101
77 15 DPWeight 1222 26925 50.581032 111111011101110
78 15 DPWeight 1959 20835 39.835057 000111111111111
79 15 DPWeight 1507 26955 50.283865 111111100110111
80 15 DPWeight 2216 26235 50.077661 011101110111111
81 15 DPWeight 1402 23535 44.37302 101011111111111
82 15 DPWeight 1249 21555 40.711167 111111010111101
83 15 DPWeight 1843 26130 49.024338 111111010111111
84 15 DPWeight 1669 23175 43.718367 111110001111111
85 15 DPWeight 2030 22080 42.063259 111101011111111
86 15 DPWeight 1588 23595 44.151426 111101101111110
87 15 DPWeight 1917 24225 45.944695 111111001110111
88 15 DPWeight 1791 28155 53.700415 011011111111110
89 15 DPWeight 2102 23880 46.205282 111011110011111
90 15 DPWeight 1751 24180 46.158459 111101101111011
91 15 DPWeight 1794 23265 42.884668 110011111111111
92 15 DPWeight 1665 22155 42.566792 111011111111101
93 15 DPWeight 2117 19650 37.516034 111011111110111
94 15 DPWeight 1590 27210 53.694799 100111111111111
95 15 DPWeight 1683 20100 38.991785 101111111111011
96 15 DPWeight 1884 29190 54.598238 100111111111110
97 15 DPWeight 1890 32160 59.652587 110101111111011
98 15 DPWeight 1647 16680 31.026914 111111001111111
99 15 DPWeight 1897 28020 52.089871 111011111001111
100 15 DPWeight 1737 22110 41.071546 110101111111111
101 15 DPWeight 1512 27420 52.275727 111010111111011
102 15 DPWeight 1598 23880 80.794748 111111111110011
103 15 DPWeight 1856 29085 96.878069 110111111111000
104 15 DPWeight 2315 23070 67.116059 011111111111110
105 15 DPWeight 1627 25365 71.703732 111111101101110
106 15 DPWeight 1125 23355 66.2388 011111111011101
107 15 DPWeight 2413 25305 52.359557 111111111101010
108 15 DPWeight 1942 28440 54.317091 111110111011011
109 15 DPWeight 1847 30060 56.547069 111011111011110
110 15 DPWeight 1761 28485 56.015318 111111110001111
111 15 DPWeight 1915 20235 39.301185 111110110111101
112 15 DPWeight 1250 24330 47.813764 111111111110110
113 15 DPWeight 2167 27255 55.745421 011111111111101
114 15 DPWeight 1816 30240 60.362313 101011101111111
115 15 DPWeight 1904 25095 69.625357 110111111011011
116 15 DPWeight 1783 25530 75.135839 111111111100101
117 15 DPWeight 1984 25515 77.305642 101101111111101
118 15 DPWeight 1527 31740 86.416317 111111111011001
119 15 DPWeight 2107 28020 77.6425 111111101110110
120 15 DPWeight 1562 18855 54.332794 111111011111011
121 15 DPWeight 1877 26325 68.959489 001111101111111
122 15 DPWeight 1615 17460 49.439725 101111111111010
123 15 DPWeight 1939 24105 65.888432 111111101011110
124 15 DPWeight 1860 25695 69.150884 111110101111110
125 15 DPWeight 1598 23475 63.104161 111111101111010
126 15 DPWeight 1332 22005 55.751585 111011111110111
127 15 DPWeight 1549 23040 63.563266 011111111111001
128 15 DPWeight 1990 26565 58.806412 100110111111111
129 15 DPWeight 1890 27900 71.198905 010111111111110
130 15 DPWeight 1639 17160 50.152021 111110101111111
131 15 DPWeight 1897 26700 76.205793 111100101111111
132 15 DPWeight 2177 20100 40.842245 111101011111011
133 15 DPWeight 2002 22845 57.46689 111111010111111
134 15 DPWeight 1641 23895 74.760982 111110111001111
135 15 DPWeight 1939 19965 65.912125 101111011111111
136 15 DPWeight 1790 25785 73.575135 110111111111011
137 15 DPWeight 1173 25200 72.584303 111111110110111
138 15 DPWeight 2033 23535 61.130305 111111011110111
139 15 DPWeight 2070 28140 74.2924 101111011111111
140 15 DPWeight 1968 20085 52.034562 111111111111010
141 15 DPWeight 1942 24975 62.858635 111111011101001
142 15 DPWeight 1595 20760 54.562061 011111111101111
143 15 DPWeight 1459 22410 62.260524 111111111011110
144 15 DPWeight 1435 24360 54.677309 111110100111111
145 15 DPWeight 1911 22620 49.382736 111101111101110
146 15 DPWeight 2052 29940 89.483387 010101111111111
147 15 DPWeight 1328 26040 59.985169 111100111110111
148 15 DPWeight 1719 22740 53.403865 011101111110111
149 15 DPWeight 1641 25350 53.849969 101101111111010
150 15 DPWeight 1237 20100 43.927969 111011110111111
151 15 DPWeight 1691 20700 45.674851 111100111111111
152 15 DPWeight 1675 25440 56.539856 111111011111110
153 15 DPWeight 1834 22455 51.027366 111111110110110
154 15 DPWeight 1742 30540 64.075879 111111101111100
155 15 DPWeight 2414 24420 50.933699 111111001111111
156 15 DPWeight 1617 28860 60.766951 001111111111110
157 15 DPWeight 1691 20325 41.134774 111100101111111
158 15 DPWeight 1826 31440 64.264236 110111111111010
159 15 DPWeight 1755 26250 55.514758 110101111111111
160 15 DPWeight 1513 26940 60.011099 110111111110011
161 15 DPWeight 1944 26160 74.107306 111011110111111
162 15 DPWeight 1844 24450 57.34758 110111011111101
163 15 DPWeight 1802 29760 58.564004 100111111111011
164 15 DPWeight 2068 25410 49.303874 011111111101111
165 15 DPWeight 2041 25305 49.878717 011111110111111
166 15 DPWeight 1745 24900 47.69068 101111110110111
167 15 DPWeight 1884 25860 51.003314 010111111111111
168 15 DPWeight 1957 25080 49.178009 011111101111111
169 15 DPWeight 1501 27900 53.491128 111110111011111
170 15 DPWeight 1907 26460 50.690168 110111111101101
171 15 DPWeight 1523 23880 45.47708 011111111111011
172 15 DPWeight 1867 27900 53.135721 110001111111111
173 15 DPWeight 1973 25125 47.283057 101111101111101
174 15 DPWeight 2123 18930 35.763304 111101111110111
175 15 DPWeight 1553 27090 51.80278 011011111110111
176 15 DPWeight 1699 31200 58.262204 110011111111110
177 15 DPWeight 1374 27435 54.187284 011111111011011
178 15 DPWeight 2187 25020 48.115316 101111111011111
179 15 DPWeight 1596 26340 50.476078 111111110011011
180 15 DPWeight 1526 26835 52.59664 110111110111101
181 15 DPWeight 2172 25860 50.267563 011111111111110
182 15 DPWeight 1720 22260 44.821632 111101111111011
183 15 DPWeight 1664 19740 39.523327 101111111111101
184 15 DPWeight 2086 22995 46.139374 111001101111111
185 15 DPWeight 1665 26640 57.278949 011011101111111
186 15 DPWeight 1449 23640 56.852255 111101111111011
187 15 DPWeight 1554 24720 54.827701 111111111101001
188 15 DPWeight 1921 24750 51.127634 111001111110111
189 15 DPWeight 1758 20880 43.874214 111110111111011
190 15 DPWeight 1510 25695 50.162924 111011111111001
191 15 DPWeight 1728 31425 61.102949 111111011101110
192 15 DPWeight 2167 29790 56.987217 101111101011111
193 15 DPWeight 1663 21840 44.627289 111111110111110
194 15 DPWeight 1811 27285 56.431046 011111111111101
195 15 DPWeight 2028 31335 64.700197 111110011101111
196 15 DPWeight 1536 22080 45.14422 111101111011111
197 15 DPWeight 1987 30210 57.82943 111101110110111
198 15 DPWeight 1851 31260 60.516676 111110011101111
199 15 DPWeight 1713 29070 55.593827 001011111111110
200 15 DPWeight 1185 21000 39.78304 111111011111111
201 15 DPWeight 2052 19605 36.868585 011111111110011
202 15 DPWeight 1629 22380 41.348995 111111111101100
203 15 DPWeight 1629 26145 47.776606 111111111011110
204 15 DPWeight 2061 20685 38.346126 011101111111111
205 15 DPWeight 2038 28770 53.361998 111111101111001
206 15 DPWeight 1493 23535 42.731099 101111110011111
207 15 DPWeight 1687 27390 51.213936 111110101011111
208 15 DPWeight 2100 29940 55.388285 111111001011111
209 15 DPWeight 1693 23745 43.532083 111111101010111
210 15 DPWeight 1656 21480 39.800563 111111110101111
211 15 DPWeight 2109 18840 34.362681 111111101011011
212 15 DPWeight 1854 22335 42.464371 110011011111111
213 15 DPWeight 1897 26520 48.076465 110100111111111
214 15 DPWeight 2046 28140 51.91098 111111001111110
215 15 DPWeight 1403 25770 47.188797 111110111101101
216 15 DPWeight 1414 25950 47.962595 011001111111111
217 15 DPWeight 1426 27225 50.366753 110101111011111
218 15 DPWeight 2222 29430 54.617495 111111011011011
219 15 DPWeight 2279 29475 55.239606 011111010111111
220 15 DPWeight 1584 23325 42.312432 111111101111011
221 15 DPWeight 1371 28155 54.761145 011111111011110
222 15 DPWeight 1652 25800 49.173178 001111111111011
223 15 DPWeight 1814 27285 54.346248 111011110101111
224 15 DPWeight 1512 26835 59.378991 111110110111011
225 15 DPWeight 1917 28260 54.265617 111110101111101
226 15 DPWeight 2163 28170 53.393903 111111110110101
227 15 DPWeight 1814 30120 57.647145 111101011111101
228 15 DPWeight 2069 27660 51.977289 100110111111111
229 15 DPWeight 1821 19710 38.250656 111111101101111
230 15 DPWeight 1892 25485 48.330283 111111111001111
231 15 DPWeight 2232 27480 54.005836 111111101011011
232 15 DPWeight 1720 22305 43.786984 100101111111011
233 15 DPWeight 2082 21465 41.112523 111111101111110
234 15 DPWeight 1629 29070 54.64083 110111111111110
235 15 DPWeight 1618 24870 47.910225 111110110111110
236 15 DPWeight 1579 24300 46.331307 111111111110100
237 15 DPWeight 1502 24960 46.698398 111101111110101
238 15 DPWeight 1699 30480 58.974808 111110111011110
239 15 DPWeight 1657 23355 43.171918 011111111110111
240 15 DPWeight 2130 20505 39.43898 111010110111111
241 15 DPWeight 2177 22470 42.699189 111110111101101
242 15 DPWeight 1900 26220 49.172356 111011110111101
243 15 DPWeight 1849 27840 52.2622 101111111101111
244 15 DPWeight 1926 24180 46.637553 111111001111110
245 15 DPWeight 1453 21720 41.52065 111111111111100
246 15 DPWeight 2034 24060 47.108779 010110111111111
247 15 DPWeight 1873 27765 53.331428 101111111111101
248 15 DPWeight 1487 27060 51.918069 100111111011111
249 15 DPWeight 1601 26880 53.249739 101111111111101
250 15 DPWeight 1534 25680 52.620232 111111111111001
