1 15 2248 194 62 133 159 242 152 206 184 217 125 119 148 245 58 84 190 196 211 247 23 166 212 196 27 178 3 144 1 244 106
2 15 2122 194 31 207 195 200 206 178 88 189 60 201 173 63 55 212 50 165 109 42 173 168 208 244 89 220 205 152 51 218 33
3 15 1812 232 42 216 145 25 133 79 214 162 19 46 1 62 5 160 178 131 206 153 159 171 23 237 131 243 206 209 7 140 195
4 15 2170 226 181 216 93 148 67 169 85 228 2 227 108 199 5 173 168 99 29 83 229 242 205 246 116 100 165 226 193 131 162
5 15 1822 222 242 97 134 142 79 68 93 215 64 110 126 55 136 244 46 160 16 150 90 98 134 240 122 244 54 87 78 146 164
6 15 2214 109 139 178 146 221 209 244 159 145 74 112 173 141 86 211 158 138 103 208 53 224 151 229 133 124 232 250 37 234 187
7 15 2212 190 199 172 79 215 63 68 212 178 212 228 192 205 219 249 170 232 113 121 225 138 246 186 217 221 128 124 186 239 13
8 15 2280 165 175 237 233 242 178 231 120 190 130 244 135 190 208 233 146 170 54 170 189 227 103 172 152 101 86 67 161 212 146
9 15 1813 156 119 200 121 106 122 242 32 171 35 157 19 61 39 180 106 132 80 69 80 130 79 237 208 200 96 47 41 179 206
10 15 1873 46 28 59 123 153 221 201 129 133 78 216 154 238 78 216 122 61 211 169 173 74 89 247 64 159 222 231 65 139 185
11 15 2111 239 140 211 166 70 41 187 212 241 29 216 13 235 174 208 109 198 218 135 98 148 101 97 222 119 3 226 131 109 49
12 15 1878 171 4 222 13 131 235 179 224 31 196 93 73 86 140 222 201 219 177 234 185 226 189 135 123 92 189 129 139 178 222
13 15 2344 226 76 139 230 148 9 215 83 226 31 214 27 157 10 242 81 219 31 241 151 38 132 227 5 211 83 235 208 192 120
14 15 1954 244 42 231 31 207 55 123 60 177 214 92 164 110 134 114 121 250 72 109 123 120 139 149 202 108 139 192 39 217 48
15 15 2033 231 173 64 122 244 9 175 28 193 56 220 166 238 127 122 6 213 80 204 225 161 103 123 209 127 227 46 215 181 216
16 15 1908 77 200 89 158 156 31 201 45 101 160 205 116 232 37 127 27 137 190 212 201 238 4 126 221 221 177 218 120 46 182
17 15 1944 247 132 146 127 158 120 76 187 245 11 234 144 187 17 249 137 231 248 59 161 73 98 156 23 122 144 113 148 134 231
18 15 1609 90 105 192 78 220 95 172 85 85 68 169 57 144 162 115 46 79 184 160 34 213 193 168 223 9 6 128 122 68 208
19 15 2082 158 5 166 245 146 109 183 46 147 16 113 22 246 217 196 168 235 164 246 13 107 233 191 49 212 73 179 151 78 192
20 15 1745 153 52 48 102 242 162 25 7 243 7 50 57 127 175 179 137 41 82 242 22 207 22 137 29 194 202 87 86 207 166
21 15 2168 74 84 215 82 143 100 216 62 211 130 237 214 244 250 201 216 223 145 160 140 183 128 221 105 128 126 52 97 203 159
22 15 2158 240 222 183 213 229 87 85 75 181 82 177 216 61 86 211 250 184 43 186 241 199 241 220 246 239 197 117 10 186 134
23 15 1922 233 171 215 112 71 176 78 13 99 239 206 111 164 207 163 234 90 113 175 138 138 84 196 143 105 79 232 139 238 180
24 15 2003 219 108 226 136 148 18 189 58 222 120 205 121 139 98 36 153 141 122 214 173 248 182 245 106 37 11 141 36 94 233
25 15 2160 136 123 215 217 217 175 197 217 210 115 212 224 143 201 41 172 166 232 73 61 198 141 212 144 250 18 250 174 180 144
26 15 1972 109 233 175 123 218 198 195 241 109 106 115 158 214 154 66 89 201 18 227 52 187 76 98 248 171 240 250 77 130 194
27 15 1859 199 93 207 75 164 243 225 38 207 90 227 91 125 75 138 195 123 99 156 85 233 106 70 103 195 89 29 103 26 223
28 15 1980 161 8 221 171 191 39 133 1 143 185 243 191 52 173 174 175 155 45 141 94 203 186 127 179 212 159 244 96 76 239
29 15 1787 206 60 180 73 235 179 133 108 240 68 59 80 47 27 62 66 16 230 64 178 127 220 196 180 238 108 224 40 207 22
30 15 1868 219 131 50 224 123 20 49 130 178 233 82 189 182 176 238 235 173 12 71 226 162 244 188 77 139 97 232 237 249 109
31 15 1896 20 39 241 118 128 124 76 246 177 49 148 227 147 220 183 216 44 79 234 76 223 12 164 166 210 149 148 163 227 210
32 15 1948 127 144 160 172 193 110 198 28 180 53 179 121 196 150 166 12 119 215 166 219 131 1 188 113 214 215 160 63 58 106
33 15 1691 210 40 137 220 73 200 205 1 216 107 126 24 198 130 48 108 201 194 108 50 108 191 37 94 212 236 23 249 212 195
34 15 1722 79 64 177 151 64 142 88 179 232 188 131 232 202 215 194 199 214 72 90 136 130 214 202 34 106 26 152 158 92 93
35 15 2200 234 115 235 7 181 192 185 100 167 183 197 230 153 163 202 90 220 234 250 233 213 206 78 228 127 30 68 59 240 149
36 15 2292 170 165 82 223 210 209 248 41 103 39 188 52 225 7 163 195 203 174 175 216 195 129 244 43 185 2 226 126 249 56
37 15 1637 94 54 100 209 152 65 167 142 142 155 99 80 115 241 98 205 160 38 58 92 216 165 197 66 225 189 143 133 81 168
38 15 1965 164 57 106 162 91 146 180 7 222 36 188 241 90 171 244 69 169 205 169 248 180 183 217 224 48 155 169 143 220 2
39 15 2071 129 100 246 116 91 78 186 150 248 20 102 123 172 154 227 216 199 128 195 11 33 125 248 38 178 53 221 61 114 57
40 15 2120 187 142 123 122 241 120 241 118 98 242 235 224 248 217 222 45 58 117 239 17 235 128 128 220 61 129 199 18 135 181
41 15 1910 7 15 180 26 115 89 215 4 188 178 198 160 240 19 12 143 80 137 236 82 236 124 175 174 244 222 179 249 83 227
42 15 2098 87 214 239 178 229 128 174 130 247 221 198 218 107 79 85 191 237 168 99 125 221 40 239 100 149 105 203 48 109 141
43 15 2189 125 54 138 85 135 169 148 27 159 129 245 110 179 172 146 59 133 146 228 200 169 86 225 42 221 78 246 27 240 161
44 15 1976 179 107 139 40 179 160 248 10 73 232 203 62 174 77 89 209 236 143 242 248 239 60 103 92 117 117 91 4 158 145
45 15 2236 195 6 203 143 171 239 132 170 229 187 204 13 218 4 223 49 202 224 219 54 85 137 229 242 69 69 179 12 237 65
46 15 1864 101 111 232 177 48 155 222 174 121 233 215 122 177 93 229 168 117 237 60 178 154 51 103 156 201 129 195 239 155 84
47 15 2120 140 246 247 11 166 66 48 99 192 94 191 149 228 113 248 29 219 249 208 250 132 77 184 227 92 4 187 166 169 22
48 15 2229 241 87 210 143 215 74 154 35 238 243 225 82 80 139 224 111 210 234 136 27 167 129 222 30 169 128 131 83 165 110
49 15 2000 194 210 238 199 185 103 148 142 102 132 205 165 210 97 162 125 89 123 167 209 72 92 244 67 247 170 126 204 112 136
50 15 1716 78 156 158 179 247 61 54 39 196 70 137 230 54 95 191 65 201 2 132 229 134 152 102 209 134 46 204 188 123 101
51 15 2457 239 3 129 116 206 163 226 47 148 14 220 174 229 246 148 60 219 122 208 61 216 195 249 237 250 226 136 232 249 91
52 15 2162 71 24 212 47 238 184 69 15 212 107 204 178 246 113 246 88 220 213 250 86 233 41 111 198 100 122 61 9 230 90
53 15 1912 237 141 214 136 110 105 232 44 210 105 241 94 16 1 32 217 231 46 101 152 204 23 234 194 185 17 120 136 24 46
54 15 2262 120 98 211 192 192 89 195 237 225 70 201 205 160 246 229 195 239 238 211 132 211 49 136 100 114 175 178 26 206 235
55 15 2143 186 227 250 216 86 215 229 249 190 242 186 216 168 62 112 142 211 192 64 121 226 117 122 49 213 59 210 50 226 248
56 15 1633 227 14 225 97 127 160 132 178 97 138 89 64 47 27 129 44 132 186 168 199 85 19 114 171 95 165 156 136 219 1
57 15 2028 154 41 220 213 194 144 161 147 121 147 160 88 244 38 132 114 177 21 218 132 18 4 102 181 162 62 233 65 239 173
58 15 1924 162 241 247 167 250 42 202 183 74 200 153 85 235 83 23 234 74 213 102 111 182 69 226 221 86 38 151 91 239 29
59 15 1855 169 209 88 23 62 214 102 151 186 73 221 248 215 83 246 187 137 190 104 122 130 181 215 141 12 178 205 121 227 221
60 15 1673 60 18 226 7 145 62 120 66 111 131 102 234 200 222 191 116 84 30 39 66 185 111 219 64 55 249 182 105 173 239
61 15 2154 185 116 188 135 85 90 216 237 183 212 137 66 178 108 226 163 248 188 190 115 98 157 197 57 122 152 217 63 223 224
62 15 2032 227 210 242 67 94 99 192 232 207 79 250 168 247 53 81 82 102 165 106 249 248 155 73 69 67 111 210 88 195 218
63 15 2013 188 217 155 229 242 116 135 55 246 113 84 232 108 88 152 218 155 188 227 22 231 48 145 4 50 182 188 5 211 81
64 15 1869 20 180 204 118 239 158 147 92 233 163 154 240 69 201 235 49 225 27 120 97 57 79 182 69 83 204 185 159 184 202
65 15 1857 159 118 135 148 175 10 170 245 43 130 143 63 172 13 230 125 205 72 143 5 53 189 146 166 226 238 96 100 226 225
66 15 2490 169 155 163 201 181 80 173 113 215 3 167 205 184 144 248 240 231 179 245 75 242 150 235 124 244 35 207 81 209 228
67 15 2159 228 198 187 38 214 90 194 108 82 228 112 177 110 8 215 105 193 203 115 43 151 81 250 239 216 139 193 17 239 227
68 15 1990 87 230 186 32 182 224 237 88 249 62 129 239 221 62 183 224 212 13 130 104 137 69 209 3 132 27 157 50 37 73
69 15 1898 187 168 175 42 88 184 165 17 42 243 209 245 169 156 49 47 170 152 140 82 114 20 241 152 136 172 246 122 242 78
70 15 2202 110 96 235 106 160 217 189 205 165 114 207 4 186 203 216 76 235 145 155 183 237 185 222 239 189 230 84 124 163 11
71 15 2239 151 164 214 28 241 54 197 99 249 125 213 208 137 25 224 114 132 50 214 182 231 32 175 60 151 68 101 119 169 70
72 15 2156 207 79 139 221 244 51 160 90 158 30 239 180 172 28 248 206 120 182 175 218 164 38 117 104 103 195 227 43 223 162
73 15 2120 196 186 164 127 78 210 155 15 239 14 102 244 209 23 242 18 181 49 218 231 204 155 160 8 155 54 143 20 205 121
74 15 2325 179 189 244 198 199 5 230 179 226 21 218 169 236 106 159 217 191 122 151 195 189 205 179 84 110 117 179 115 217 200
75 15 2440 241 77 200 210 227 118 248 154 249 177 234 167 230 107 112 12 171 7 96 86 228 125 229 165 242 242 238 144 106 180
76 15 1705 42 234 92 207 143 33 186 226 117 35 248 81 198 154 123 156 148 65 35 140 196 146 236 76 135 49 185 175 48 178
77 15 2233 42 188 105 98 240 34 165 122 249 99 141 78 137 238 239 143 230 112 183 58 231 128 185 42 188 212 215 197 242 112
78 15 2098 192 144 241 42 227 236 111 155 158 97 219 40 221 222 182 227 79 168 198 171 171 170 130 143 190 229 200 219 104 196
79 15 1957 201 181 18 219 208 175 102 242 230 139 184 143 204 118 75 226 153 56 162 185 245 144 152 164 244 139 143 209 126 236
80 15 1993 244 110 141 66 250 191 104 73 201 21 118 18 55 97 200 62 208 145 145 2 174 182 237 179 115 233 230 146 70 240
81 15 2014 199 247 206 240 92 73 186 81 134 76 247 22 239 122 27 172 221 60 223 23 179 218 105 133 151 239 91 46 218 161
82 15 2083 230 148 244 50 206 182 187 173 202 241 123 86 121 93 145 213 70 48 207 68 116 137 181 214 233 185 244 153 95 102
83 15 1998 212 73 104 7 210 73 214 42 241 244 113 9 99 231 79 168 166 233 90 60 148 112 224 203 220 41 229 180 149 84
84 15 1798 159 186 204 204 160 159 138 250 100 114 62 82 92 245 127 136 100 60 103 223 227 156 232 74 120 161 235 228 189 131
85 15 1903 232 188 216 235 97 42 222 48 230 3 220 56 71 75 180 209 144 233 40 166 225 11 59 94 96 44 197 143 150 60
86 15 1980 58 24 118 16 221 187 166 4 51 192 200 25 243 61 142 223 204 145 154 126 218 18 95 74 160 88 246 35 200 189
87 15 2107 159 238 245 80 143 141 144 130 127 244 116 125 193 85 238 121 162 29 140 173 164 28 246 110 236 134 146 84 175 101
88 15 1726 21 171 248 238 163 7 237 66 160 230 117 233 17 57 150 93 111 55 169 61 94 36 237 35 214 78 151 23 69 203
89 15 1977 97 179 114 2 195 7 106 62 157 116 235 97 232 234 130 113 177 157 203 138 95 188 220 31 109 37 175 137 227 9
90 15 1948 85 239 159 6 188 119 216 27 198 201 163 185 168 46 214 235 143 128 116 80 249 53 72 187 214 175 147 159 104 35
91 15 2188 207 175 247 205 160 158 167 4 123 3 186 249 94 90 194 61 217 155 230 153 112 120 209 10 247 159 129 120 213 50
92 15 1743 89 121 223 236 125 73 86 77 203 216 108 128 199 161 137 209 182 101 168 247 182 201 167 237 56 69 56 134 198 12
93 15 1716 186 169 213 115 102 4 106 58 120 134 56 115 134 98 130 211 196 92 214 22 164 188 212 146 41 177 134 155 137 61
94 15 2114 143 184 195 84 205 64 183 245 192 130 77 120 218 216 213 232 122 31 231 62 158 231 175 152 222 213 186 245 123 227
95 15 1874 244 247 205 222 148 187 250 241 248 210 138 41 211 8 233 9 117 149 16 227 138 92 80 193 101 207 99 69 115 200
96 15 1970 205 126 128 125 219 229 146 219 204 51 39 127 133 60 128 37 157 145 217 101 59 86 150 187 243 36 192 193 243 68
97 15 1757 148 106 202 196 173 141 69 42 167 31 65 116 83 12 232 52 138 214 239 123 157 207 188 34 89 192 22 181 225 12
98 15 2123 57 12 142 134 224 198 170 224 239 177 234 27 197 231 146 14 206 85 102 156 166 74 172 23 219 20 232 44 148 70
99 15 2052 237 65 188 221 168 44 189 221 179 240 129 138 138 133 213 189 191 111 166 188 213 207 168 145 156 155 54 77 177 222
100 15 2003 149 52 51 115 123 181 214 4 244 139 228 13 79 31 181 109 143 234 234 230 163 82 59 191 220 62 188 133 228 163
101 15 1655 38 142 243 112 176 9 156 49 81 75 220 145 133 167 158 206 79 173 227 121 110 2 115 213 40 11 112 95 181 101
102 15 1766 163 129 87 7 46 47 110 80 170 14 98 10 194 73 143 41 214 84 146 250 209 230 234 73 184 64 165 42 45 69
103 15 1944 157 84 89 119 119 59 241 174 161 223 60 132 193 105 20 157 229 207 66 204 226 1 175 58 224 139 237 167 234 175
104 15 2007 173 223 237 168 123 157 228 46 18 111 193 31 110 2 201 212 195 220 172 58 241 72 137 197 229 35 55 219 197 247
105 15 2008 189 208 40 214 66 236 162 127 201 207 206 230 225 23 207 134 163 186 229 54 226 121 220 187 55 242 160 151 162 7
106 15 1705 58 216 155 140 183 219 168 100 54 33 222 224 236 35 125 57 87 14 161 183 103 206 136 78 165 227 76 28 203 176
107 15 2276 167 199 151 163 181 114 205 221 203 60 142 146 176 31 242 163 246 231 172 78 227 164 83 33 228 49 231 246 192 44
108 15 1906 209 88 184 137 218 20 242 171 164 22 189 66 219 221 202 93 138 115 67 68 69 115 206 120 105 17 145 215 26 57
109 15 2068 161 171 218 221 196 133 103 142 238 76 242 201 115 109 161 167 105 147 195 67 151 111 250 156 243 14 106 171 101 74
110 15 2164 73 109 241 161 223 39 72 193 175 33 232 135 244 239 218 180 226 113 130 1 231 27 200 168 140 240 136 219 164 249
111 15 2049 226 16 202 94 248 111 107 143 228 179 145 41 180 207 126 142 189 80 143 244 187 184 84 83 242 205 69 173 186 210
112 15 2275 220 238 235 183 113 105 132 86 228 150 128 183 248 74 182 96 199 244 171 112 243 125 156 17 240 72 213 217 136 134
113 15 2117 155 154 98 214 196 5 124 94 197 96 141 109 220 64 205 233 217 22 171 219 225 69 187 135 77 241 196 59 238 231
114 15 2112 68 173 232 139 163 166 219 114 231 112 204 184 246 225 79 209 244 10 231 227 152 96 141 204 153 191 233 82 44 137
115 15 2000 235 205 236 89 115 232 115 189 170 93 226 76 45 118 176 26 84 153 172 243 178 22 93 129 167 83 246 65 242 175
116 15 2233 188 64 185 27 241 148 250 32 81 134 220 70 73 173 222 92 235 144 227 218 146 15 169 230 157 20 181 142 217 53
117 15 2228 170 92 245 107 211 65 65 59 202 51 151 127 163 120 197 224 94 57 220 3 208 135 195 179 191 76 232 211 241 187
118 15 1862 112 218 210 136 132 105 232 105 175 177 133 227 108 157 178 138 145 52 194 126 184 78 59 136 124 197 94 29 248 53
119 15 1897 218 120 223 63 224 224 128 242 154 25 231 148 68 84 156 199 214 18 138 79 150 82 152 55 111 215 91 57 114 199
120 15 1828 76 166 119 192 63 190 15 147 188 164 198 229 142 124 210 85 213 33 223 61 179 98 219 208 91 198 147 198 203 154
121 15 2300 176 201 222 71 235 212 237 207 239 50 121 66 129 159 220 119 133 173 222 10 210 118 156 53 202 44 211 174 163 79
122 15 2061 110 183 115 237 247 235 168 64 177 175 246 141 129 248 80 52 168 1 188 61 244 52 225 82 141 129 201 177 138 7
123 15 1771 63 161 170 10 120 35 202 3 216 242 75 147 183 15 209 118 53 45 89 142 132 243 220 1 87 234 224 20 171 218
124 15 1985 119 237 213 115 153 33 228 73 246 73 51 231 245 183 157 50 50 237 84 203 210 52 192 177 176 39 127 50 231 11
125 15 1824 144 54 138 219 149 7 217 103 70 90 173 4 25 128 202 175 226 83 206 217 77 96 194 159 215 10 159 24 86 108
126 15 1915 129 218 239 97 239 119 211 146 203 126 126 195 141 148 26 138 88 180 231 106 243 146 105 14 138 65 72 144 203 183
127 15 2129 100 80 149 169 185 48 161 106 218 103 244 107 232 245 208 22 200 116 202 65 107 79 116 192 198 48 215 157 127 160
128 15 2011 116 206 178 41 202 25 214 123 67 13 109 210 188 17 190 228 154 73 165 184 124 21 143 134 188 102 240 115 236 38
129 15 2237 77 62 190 2 110 120 194 111 186 181 136 118 83 83 250 103 200 52 203 234 236 241 208 7 247 28 229 221 248 209
130 15 1908 164 58 182 68 181 66 224 74 180 141 246 70 122 67 135 154 143 7 117 163 245 221 70 168 62 70 194 222 120 222
131 15 2004 160 74 62 177 223 66 75 116 239 188 146 240 206 218 185 150 222 120 172 108 149 62 155 191 199 7 152 73 161 179
132 15 2276 239 31 175 208 137 141 191 152 231 50 235 16 181 214 173 86 194 20 224 33 209 69 199 29 137 55 182 130 139 37
133 15 2285 242 126 224 235 248 218 211 72 203 48 124 105 206 80 232 56 72 134 190 26 187 10 167 28 245 9 90 119 216 49
134 15 2275 242 11 234 142 203 191 247 147 37 2 170 148 214 82 233 186 189 91 216 19 148 94 205 11 17 227 248 125 241 113
135 15 2232 148 226 232 126 213 67 175 109 206 63 171 190 242 50 227 144 192 85 146 207 206 65 108 15 215 94 65 186 245 69
136 15 2148 125 95 155 6 239 96 230 32 21 64 206 135 220 180 201 192 141 36 55 118 178 136 214 240 228 2 238 240 234 247
137 15 2162 236 28 237 33 186 107 128 158 240 187 77 105 162 90 187 83 245 170 129 10 159 22 196 170 223 136 142 137 156 14
138 15 2116 52 16 155 26 238 132 185 70 198 164 149 128 225 163 180 210 166 218 217 217 119 41 217 88 180 138 211 28 153 32
139 15 2004 179 60 121 65 100 56 193 34 225 244 143 196 135 46 132 219 241 186 119 220 197 174 208 142 238 181 132 171 143 53
140 15 2000 180 178 203 154 147 228 168 127 140 104 241 242 108 36 81 119 192 111 219 19 224 31 52 69 149 85 191 197 206 32
141 15 2192 81 24 217 248 22 60 221 167 170 205 201 61 234 27 168 30 235 40 208 128 220 164 234 6 248 84 83 210 198 54
142 15 2133 37 9 217 210 233 187 96 15 156 239 165 141 207 240 190 26 143 240 204 98 237 93 180 137 239 20 211 107 152 190
143 15 1891 56 61 156 180 106 145 98 171 225 32 114 7 211 78 184 127 109 133 99 104 171 130 193 242 237 111 182 12 223 209
144 15 2300 242 85 225 73 226 152 176 125 92 108 230 16 151 53 244 95 238 129 165 168 114 213 161 38 173 248 234 232 204 211
145 15 1957 223 130 173 91 207 233 6 141 228 192 202 92 120 220 144 49 171 98 164 50 166 135 193 7 63 55 178 142 209 164
146 15 1572 119 157 67 54 203 63 166 165 126 206 76 118 134 56 250 84 213 230 156 118 121 6 17 62 156 1 56 243 106 26
147 15 1961 46 157 226 106 131 98 191 152 36 230 220 178 160 194 81 128 201 143 246 101 249 68 221 181 232 166 48 20 164 48
148 15 2068 112 214 229 248 91 88 131 88 245 167 223 17 157 174 209 242 49 175 200 202 154 94 215 78 214 98 218 160 138 231
149 15 2072 243 57 131 199 120 11 141 88 138 105 98 80 179 162 236 1 175 7 176 5 220 4 228 165 52 226 230 83 223 78
150 15 1867 200 94 68 42 163 19 231 145 177 71 60 48 23 184 184 240 229 105 234 15 67 107 81 38 137 199 246 245 234 164
151 15 2052 173 154 103 64 248 193 157 50 147 208 158 112 141 195 125 159 173 44 221 160 226 142 240 7 235 168 126 159 92 115
152 15 2159 206 97 243 220 247 179 115 177 137 41 240 247 233 52 141 236 216 216 217 193 234 203 52 201 249 244 105 73 64 162
153 15 1970 124 222 232 237 197 118 157 235 199 41 159 119 156 5 224 105 121 117 142 201 191 114 90 196 87 14 170 44 214 151
154 15 2246 221 189 234 202 243 210 139 66 186 16 184 107 214 139 235 171 66 196 200 153 174 31 192 62 164 31 117 141 239 48
155 15 2380 224 201 241 156 217 71 133 195 190 26 239 29 224 70 164 172 230 218 202 145 237 156 174 62 190 75 81 127 230 17
156 15 1980 86 96 35 137 54 8 238 232 159 112 170 53 64 157 249 211 248 240 171 45 224 99 76 234 247 95 226 221 228 96
157 15 2287 163 239 197 205 228 138 188 104 249 228 111 93 118 153 210 129 240 214 190 214 106 132 194 89 250 175 226 2 189 86
158 15 2268 241 238 214 247 245 113 250 92 248 42 187 118 126 42 200 189 97 184 206 3 187 23 183 18 231 99 170 189 50 238
159 15 1993 156 122 231 236 44 40 159 112 230 188 179 250 178 219 245 204 71 217 225 102 140 119 134 172 159 33 187 199 154 21
160 15 1745 62 150 199 23 111 140 192 183 96 194 86 186 67 81 96 148 211 111 68 133 125 243 240 82 206 42 223 202 200 95
161 15 2225 223 179 82 188 226 240 227 94 227 225 190 238 249 182 73 129 173 189 183 239 105 196 202 208 198 152 241 161 183 117
162 15 1868 73 112 140 58 93 42 171 64 179 78 227 12 214 25 237 171 111 161 233 116 107 207 118 114 87 16 235 229 111 77
163 15 1903 120 127 214 3 214 22 136 165 33 209 105 81 222 193 231 4 140 171 240 38 101 120 110 195 239 21 151 247 123 85
164 15 2023 244 72 142 24 148 34 171 56 210 170 74 181 126 37 245 101 85 201 248 163 221 154 158 56 187 21 93 229 177 105
165 15 2253 187 48 229 135 96 206 239 144 171 74 214 8 195 224 182 83 141 204 167 8 222 6 134 114 205 216 209 119 226 75
166 15 2174 222 53 206 94 58 66 166 211 210 102 127 156 236 196 181 187 165 142 141 185 220 230 112 104 222 155 208 14 244 229
167 15 1960 218 81 198 141 153 193 219 175 120 125 100 106 203 20 232 187 238 66 71 189 183 211 127 37 146 63 236 96 7 45
168 15 1602 58 30 192 48 175 8 192 203 193 206 138 105 39 78 113 94 237 234 113 239 69 89 59 242 140 217 225 229 60 95
169 15 2057 146 38 231 242 134 51 232 140 245 128 249 129 121 100 223 180 103 218 238 100 65 60 128 218 87 54 241 160 129 46
170 15 2128 228 198 209 142 159 114 183 84 138 183 214 49 181 112 72 51 233 139 96 182 232 11 232 139 220 78 102 249 161 132
171 15 1978 121 75 169 176 213 157 205 223 130 163 246 26 147 81 213 156 229 36 135 77 145 104 120 1 3 69 213 179 184 150
172 15 2158 212 18 173 80 227 124 199 29 190 56 48 201 223 6 97 80 120 33 171 214 219 116 153 13 197 240 231 211 238 230
173 15 2335 209 81 195 145 208 131 226 32 186 214 250 98 156 199 215 247 238 145 162 99 192 101 114 181 186 213 175 112 207 187
174 15 1913 140 22 122 195 223 181 173 15 195 21 245 112 153 17 88 63 148 71 183 70 55 72 232 120 109 38 248 55 78 91
175 15 1904 191 238 191 232 183 185 98 63 233 138 134 51 142 28 122 109 108 46 102 209 120 49 219 49 199 103 156 216 182 141
176 15 2093 132 62 247 238 240 186 56 245 173 193 207 169 242 229 210 75 18 220 175 22 167 74 212 205 202 16 151 189 185 119
177 15 2191 102 213 189 111 228 248 208 167 210 228 173 74 58 211 130 191 153 189 250 171 195 94 231 8 231 84 231 127 150 169
178 15 1886 158 158 132 97 75 82 132 14 172 48 196 187 237 213 72 106 74 96 178 62 184 224 236 236 145 151 245 64 122 93
179 15 2080 70 221 94 96 187 91 215 38 112 202 220 223 204 136 208 132 232 85 216 212 192 183 75 137 213 221 122 81 241 161
180 15 2293 195 213 244 23 129 153 215 233 205 234 217 95 235 69 169 19 124 9 245 248 58 176 210 155 245 166 202 14 174 151
181 15 1760 64 43 126 190 214 138 203 212 71 54 82 21 174 143 74 9 30 205 72 238 235 78 188 149 233 2 207 186 228 107
182 15 2226 150 104 229 16 121 2 241 153 177 212 250 149 220 227 209 209 231 213 34 57 230 57 227 135 241 135 38 233 185 201
183 15 2013 214 129 189 144 220 13 152 248 218 197 183 78 222 25 230 97 129 126 28 235 115 5 208 150 178 78 125 238 106 170
184 15 1728 157 241 150 94 221 241 22 242 250 227 178 233 122 114 208 178 105 169 200 157 147 105 109 237 93 122 49 208 149 130
185 15 2209 183 199 183 205 206 139 149 48 231 169 151 123 234 42 219 166 218 155 216 183 127 76 145 246 250 47 127 59 123 16
186 15 1780 155 177 199 195 145 233 140 7 178 205 163 17 107 152 105 61 199 80 95 65 170 78 127 8 105 30 186 173 152 95
187 15 1864 105 194 229 79 96 150 198 226 140 50 90 96 186 80 172 178 159 167 171 22 248 148 151 64 148 36 115 90 123 134
188 15 2048 38 19 250 140 174 248 90 35 72 42 228 49 207 167 237 248 55 250 155 46 201 14 226 75 226 40 197 35 204 2
189 15 1926 114 12 220 235 162 118 230 174 195 94 102 141 212 172 44 166 215 88 78 189 227 90 212 51 194 157 59 53 144 187
190 15 2180 194 122 155 104 237 157 131 194 185 200 59 185 175 126 236 212 234 226 143 106 222 248 138 18 248 18 145 118 224 67
191 15 2331 185 28 221 58 212 66 231 219 222 133 195 121 218 145 212 240 196 61 244 28 111 29 166 61 169 65 178 91 154 118
192 15 1971 243 184 178 221 117 181 239 154 138 127 174 130 88 89 143 35 200 127 202 86 76 248 111 202 226 50 147 150 182 169
193 15 2088 96 116 121 77 204 153 235 185 223 71 169 244 191 155 108 85 171 239 207 157 160 132 243 72 230 170 22 31 231 13
194 15 1992 210 70 96 142 188 237 51 151 221 149 192 39 241 250 233 114 199 64 132 197 197 168 71 149 97 143 169 12 194 180
195 15 2110 230 203 150 154 185 242 238 30 248 47 214 177 163 235 79 39 248 187 118 36 157 17 124 114 184 58 85 212 215 128
196 15 1869 163 81 202 167 242 135 137 192 107 190 128 6 249 227 38 191 125 89 125 199 198 70 118 3 39 164 244 88 222 239
197 15 1759 185 192 177 85 183 210 181 162 117 56 176 91 69 65 112 103 17 103 132 237 207 199 174 188 246 104 140 188 83 122
198 15 2316 187 160 164 246 177 71 172 44 151 43 239 162 140 70 107 199 245 242 152 242 206 245 241 121 241 57 228 210 245 215
199 15 1923 205 150 188 36 197 150 101 212 91 73 120 115 243 170 133 99 177 127 78 69 163 93 239 242 139 160 93 7 237 119
200 15 1959 195 182 106 235 237 129 144 163 37 75 125 233 171 48 245 108 125 85 45 245 233 71 218 13 159 179 245 25 164 209
201 15 1973 189 189 236 19 165 176 71 154 160 122 175 158 247 205 156 102 35 113 79 231 166 187 244 214 204 234 204 120 136 126
202 15 2002 220 249 198 27 182 148 179 39 12 246 239 220 36 39 228 43 220 76 146 80 168 135 212 39 177 96 115 57 171 50
203 15 2228 133 171 101 17 246 227 175 91 229 82 215 102 110 230 199 151 249 243 138 112 227 96 117 160 169 177 236 210 242 200
204 15 1896 152 180 16 237 226 58 199 208 160 91 141 29 242 14 172 18 99 154 114 157 243 74 175 27 147 124 224 157 61 198
205 15 1975 233 9 248 192 175 87 203 181 58 189 161 42 214 15 161 229 122 148 149 79 197 98 154 130 139 195 209 143 46 141
206 15 2135 72 99 186 18 149 20 206 204 174 8 192 187 244 220 119 151 150 77 113 225 161 110 232 3 233 240 220 48 218 105
207 15 2078 240 26 238 13 176 83 149 172 166 87 227 84 151 105 125 225 116 227 190 40 53 19 169 15 247 215 211 214 140 14
208 15 2098 127 95 168 125 80 6 247 11 172 73 72 249 224 147 147 16 168 33 124 111 233 150 168 167 205 180 242 154 246 48
209 15 1833 168 113 219 199 190 4 135 58 105 180 76 174 70 26 57 147 215 164 74 236 150 173 216 42 215 60 157 215 245 184
210 15 1758 189 78 147 127 198 114 51 143 122 214 149 35 234 47 52 58 92 222 122 200 102 70 138 210 173 35 233 170 196 242
211 15 2188 94 82 124 122 242 240 244 91 216 116 96 242 185 68 229 229 210 115 233 187 173 89 248 115 158 242 113 3 171 101
212 15 1998 20 197 218 248 149 97 182 12 219 227 238 42 184 163 154 198 249 42 148 69 167 33 209 148 111 5 177 223 73 1
213 15 2052 157 141 206 43 195 202 207 133 212 39 160 37 236 55 114 239 70 96 188 9 230 12 145 206 244 169 56 41 145 75
214 15 2188 249 130 192 79 194 156 228 181 181 67 172 140 228 54 137 96 93 40 190 5 166 226 239 63 146 215 146 9 174 142
215 15 2260 126 110 175 155 142 192 210 72 246 110 210 151 221 44 223 20 247 210 113 220 136 229 174 211 207 138 165 2 230 159
216 15 1911 105 154 224 102 189 223 201 216 189 155 193 61 233 161 84 180 136 82 131 151 221 9 73 86 72 12 112 140 226 14
217 15 2017 213 247 130 212 245 99 26 4 78 218 155 102 184 83 212 85 203 163 128 57 151 118 226 244 224 41 198 134 149 179
218 15 1670 100 108 244 100 187 160 151 155 77 94 214 94 47 124 72 245 158 4 121 28 155 95 175 17 148 24 6 123 233 108
219 15 1964 219 171 206 226 11 236 100 154 209 214 221 79 141 223 81 140 201 23 28 239 189 122 243 159 215 151 148 92 244 66
220 15 2037 229 32 247 11 169 137 174 36 93 90 39 58 197 114 191 107 141 249 222 157 234 69 160 185 143 15 138 21 170 146
221 15 2215 151 142 247 13 160 33 174 70 249 117 184 183 193 197 202 188 250 11 170 125 247 114 126 59 188 42 110 37 118 103
222 15 1768 51 41 191 244 63 121 98 166 141 6 250 77 193 244 170 176 155 152 65 83 238 13 36 240 199 94 220 133 141 207
223 15 1600 19 176 206 214 23 13 137 89 96 91 74 218 175 4 116 239 202 189 96 225 133 100 229 85 192 84 90 100 213 45
224 15 1930 144 169 149 214 92 71 235 81 194 146 243 151 84 30 157 164 108 129 190 71 217 105 211 185 160 160 113 93 116 132
225 15 2205 184 206 33 144 205 178 191 145 232 3 197 54 210 175 227 104 117 81 205 201 147 69 212 82 201 222 185 20 211 162
226 15 1776 193 179 187 194 142 33 201 129 113 131 166 211 163 87 112 194 136 130 93 37 209 249 132 131 110 60 70 155 194 110
227 15 1978 122 44 123 115 217 208 127 237 250 171 93 128 227 222 48 73 185 48 230 6 239 100 115 83 244 4 93 179 160 112
228 15 2079 84 94 107 55 241 247 218 80 91 23 90 24 206 196 226 52 180 170 244 199 234 112 225 33 120 195 118 175 215 244
229 15 2164 239 243 246 170 143 205 115 193 118 135 101 41 134 153 216 57 233 29 201 33 108 161 245 65 227 55 227 24 152 213
230 15 2118 148 30 186 168 185 51 131 221 137 194 234 122 231 170 239 149 177 238 162 58 191 224 82 131 207 8 113 207 225 192
231 15 2020 126 227 183 247 26 26 104 30 170 26 203 83 240 158 214 176 219 201 187 165 166 118 212 126 138 228 152 24 186 241
232 15 2021 164 64 151 175 249 148 83 200 99 70 179 145 215 217 250 214 186 108 134 208 140 49 215 209 200 200 66 53 196 74
233 15 2218 245 211 210 224 219 40 247 92 212 83 119 90 221 237 171 125 203 186 109 6 200 233 130 151 110 194 194 212 183 156
234 15 2016 223 210 220 137 185 159 230 152 214 54 156 66 146 115 84 10 191 247 113 82 209 125 138 12 98 195 67 11 246 76
235 15 2016 225 95 196 207 242 106 229 246 234 158 237 106 23 80 165 75 44 55 108 129 183 218 244 118 137 66 78 92 175 125
236 15 2108 230 129 219 43 221 120 208 46 195 197 151 37 144 84 64 23 176 31 216 93 222 92 134 88 236 106 87 163 132 208
237 15 2080 233 192 215 167 112 133 249 125 232 91 217 181 72 246 130 121 142 228 104 199 199 96 91 56 223 220 180 82 202 9
238 15 2442 222 182 243 151 233 56 222 37 241 228 219 215 243 138 151 130 182 47 238 105 195 96 79 87 242 74 200 141 143 108
239 15 1715 95 141 130 150 181 53 154 167 152 33 85 215 53 195 219 237 201 52 78 150 222 113 51 159 197 57 98 177 228 211
240 15 1854 163 228 222 170 169 147 93 70 216 108 142 68 57 169 234 61 146 89 119 100 155 15 19 97 204 109 240 14 139 26
241 15 1898 34 210 139 136 58 99 90 172 199 90 240 205 189 182 208 160 205 210 177 109 81 73 244 49 245 15 179 100 85 69
242 15 2042 170 147 227 16 212 1 127 150 107 169 211 171 177 122 159 238 250 97 126 182 92 121 225 182 182 225 187 79 101 143
243 15 1805 215 17 175 240 163 241 45 190 191 90 200 94 175 112 169 65 177 61 136 152 61 151 193 116 29 112 117 199 211 104
244 15 1943 236 197 235 35 218 26 104 116 112 21 62 227 168 25 120 84 167 28 109 225 126 135 171 234 170 150 197 47 234 99
245 15 1700 239 25 128 199 127 42 192 200 54 154 194 246 102 201 92 130 206 160 184 115 54 151 160 213 177 154 90 7 126 222
246 15 2148 197 222 207 148 202 32 108 125 186 25 188 84 162 171 140 61 242 163 140 44 166 41 147 106 142 240 210 68 249 4
247 15 2228 237 129 137 183 234 62 214 157 195 8 175 68 179 206 169 240 176 110 235 67 114 93 175 59 248 172 72 34 225 69
248 15 1804 43 228 96 248 182 94 207 123 25 74 238 234 208 12 60 61 178 222 241 164 129 90 164 51 224 242 114 224 147 170
249 15 2243 220 176 146 118 133 48 181 186 237 99 228 120 133 35 207 50 224 93 145 141 110 222 249 102 207 145 196 211 188 103
250 15 1876 33 86 228 17 136 129 152 137 141 48 201 70 163 200 134 56 198 37 174 171 64 28 139 235 155 178 190 120 237 192
