1 15 2452 194 62 159 245 242 152 184 117 217 125 247 23 174 13 225 200 178 3 202 95 244 106 207 195 200 206 158 201 235 8
2 15 2486 220 205 207 25 232 42 216 145 201 24 214 126 46 95 242 49 171 23 237 131 243 206 209 7 226 181 216 93 228 2
3 15 2380 242 205 246 116 222 242 97 134 79 205 126 67 226 160 125 145 209 136 240 122 244 54 210 99 221 209 244 159 244 99
4 15 2558 207 32 234 193 240 229 224 230 138 103 208 53 224 151 229 133 232 164 250 37 234 187 155 167 190 199 228 192 205 219
5 15 2484 232 113 121 225 246 34 217 143 221 128 192 227 239 13 120 126 165 175 237 233 242 178 231 120 190 130 244 135 208 220
6 15 2377 245 182 233 146 170 54 170 189 227 103 172 152 212 146 215 80 110 42 246 33 229 244 237 208 200 96 182 184 124 170
7 15 2290 211 15 169 173 89 202 247 64 159 222 144 85 239 140 211 166 241 29 114 39 198 218 222 96 199 131 224 83 196 75
8 15 2428 219 177 234 185 229 179 185 71 178 222 249 246 226 76 230 135 148 9 215 83 165 157 99 85 198 111 242 81 219 31
9 15 2212 38 132 227 5 104 120 208 101 192 120 99 240 244 42 231 31 250 18 213 106 193 74 245 183 139 233 202 46 181 217
10 15 2298 231 173 141 175 244 24 166 231 238 127 122 6 213 80 204 225 191 167 209 45 227 29 185 178 200 207 201 45 101 160
11 15 2545 243 213 205 116 232 37 127 27 197 170 212 201 238 4 225 222 221 177 218 120 247 132 146 127 239 237 187 99 245 11
12 15 2223 187 17 249 137 248 196 161 29 172 154 113 148 231 25 192 78 220 95 160 34 213 193 168 223 208 21 111 166 146 109
13 15 2498 246 217 196 168 235 164 246 13 233 188 236 101 212 73 172 151 243 7 137 242 224 173 242 22 207 22 87 86 207 166
14 15 2576 176 211 237 214 244 250 201 216 223 145 221 105 203 159 112 38 240 222 213 152 229 87 239 235 238 70 216 175 228 248
15 15 2497 214 191 250 99 241 53 242 113 186 134 112 215 176 191 234 1 238 180 226 136 148 18 189 58 222 120 205 121 239 22
16 15 2430 248 182 245 106 94 233 233 58 136 123 217 228 217 175 217 226 201 40 212 144 250 18 250 174 109 233 195 241 214 154
17 15 2160 197 214 192 227 76 176 248 179 171 240 250 77 243 14 227 91 125 75 195 18 233 106 70 103 195 89 136 221 143 185
18 15 2478 155 45 179 90 212 159 244 96 239 206 108 205 240 68 209 102 230 168 178 152 238 108 224 40 207 22 216 219 219 131
19 15 2289 161 26 224 83 191 39 130 168 178 233 189 101 182 176 238 235 173 12 226 246 162 244 188 77 139 97 232 237 249 109
20 15 2388 248 52 246 169 177 49 227 82 119 246 234 76 223 12 164 166 210 149 163 193 227 210 160 172 193 110 198 28 196 150
21 15 2313 236 132 219 241 214 215 238 89 210 40 220 28 116 216 174 197 179 11 108 50 108 191 249 173 212 195 177 151 232 188
22 15 2239 202 215 194 199 214 72 136 211 130 214 215 100 98 204 158 118 234 115 235 7 181 192 185 100 167 183 230 32 220 234
23 15 2245 213 206 228 209 168 10 234 63 210 209 248 41 99 206 107 163 203 174 175 216 167 25 176 227 152 65 202 244 225 189
24 15 2289 234 109 180 7 222 36 241 122 171 90 169 248 155 183 169 143 239 27 186 150 248 20 102 123 199 128 195 11 152 178
25 15 2282 154 114 212 106 187 142 241 118 248 217 222 45 58 117 239 17 235 128 220 198 137 135 182 228 115 89 215 4 188 178
26 15 2561 240 19 236 82 236 124 249 119 227 87 239 178 229 128 201 96 247 221 243 178 107 79 191 148 237 168 99 125 221 40
27 15 2224 125 54 205 4 138 159 245 110 133 146 228 200 169 86 246 27 240 161 139 40 119 135 185 70 232 27 203 62 174 77
28 15 2342 218 17 242 248 239 60 103 92 222 242 99 203 239 174 193 223 223 202 219 54 137 69 229 242 238 109 190 139 137 197
29 15 2245 233 55 215 122 177 93 233 176 117 237 178 32 154 51 103 156 201 129 195 239 140 246 247 11 195 45 191 149 228 113
30 15 2498 219 249 208 250 77 14 227 99 169 22 231 199 241 87 210 143 215 74 214 218 238 243 225 82 215 202 224 111 210 234
31 15 2200 167 129 131 83 110 194 238 199 103 66 227 230 210 97 162 125 123 121 167 209 247 170 204 11 247 61 172 137 242 123
32 15 2319 201 2 132 229 225 194 84 61 184 183 145 86 229 246 208 61 216 195 249 237 250 226 190 74 136 33 212 47 238 184
33 15 2626 231 3 217 101 212 107 204 178 246 113 246 88 220 213 250 86 233 41 198 168 196 16 214 136 142 63 241 94 233 129
34 15 2499 231 46 152 216 204 23 234 194 245 158 211 192 192 89 195 237 225 70 201 205 246 220 229 195 239 238 206 136 114 175
35 15 2541 206 235 250 216 215 217 229 249 242 244 186 216 214 236 225 122 213 59 210 50 226 248 197 11 202 141 202 36 160 21
36 15 2207 186 166 168 199 180 87 171 104 165 125 156 136 219 1 220 213 194 144 88 64 244 38 116 146 232 38 181 148 239 173
37 15 2393 250 42 202 183 235 83 234 30 213 75 102 111 182 69 226 221 239 29 221 248 137 190 141 10 178 134 205 121 227 221
38 15 2432 249 85 226 7 145 62 120 66 111 131 234 178 205 18 219 64 249 73 174 92 185 116 237 13 212 8 226 163 248 188
39 15 2470 226 122 197 57 228 205 217 63 223 224 242 67 94 99 245 66 247 53 202 74 165 82 210 88 195 218 155 229 242 116
40 15 2359 246 113 232 183 108 88 218 125 188 231 227 22 66 159 244 221 211 81 206 7 180 131 204 118 239 158 147 92 233 163
41 15 2210 220 162 239 66 201 110 162 120 115 166 185 159 184 202 224 188 175 10 245 219 172 13 146 166 226 238 100 91 169 155
42 15 2535 181 80 81 126 209 53 248 240 231 179 245 75 242 150 207 81 228 85 246 228 228 198 187 38 214 90 194 108 228 23
43 15 2337 237 22 215 105 193 203 133 37 239 227 207 150 230 157 228 187 249 62 183 224 247 84 157 50 187 168 175 42 42 243
44 15 2508 169 156 241 152 172 60 246 122 242 78 235 106 160 217 189 205 245 93 207 4 186 203 216 76 235 145 155 183 237 185
45 15 2550 189 230 227 59 151 164 214 28 241 54 197 99 249 125 213 208 137 25 224 114 244 193 214 182 231 32 250 136 207 79
46 15 2463 244 51 212 78 172 28 248 206 182 74 218 164 177 170 215 11 195 206 227 43 162 89 164 127 210 202 203 179 250 227
47 15 2453 223 16 146 200 248 173 218 231 232 75 120 188 118 163 225 160 205 121 244 198 226 21 218 169 236 106 217 113 191 122
48 15 2625 189 205 179 84 200 86 205 200 227 118 248 154 249 177 234 167 230 107 207 174 171 7 229 165 242 242 238 144 234 197
49 15 2280 214 174 226 191 117 35 248 81 198 154 156 60 148 65 236 76 135 49 185 175 188 25 141 78 231 128 185 42 242 112
50 15 2461 234 227 219 40 221 222 182 227 171 170 130 143 190 229 200 219 201 181 219 90 208 175 184 143 245 144 229 146 244 139
51 15 2435 231 119 209 18 236 75 185 127 244 110 141 66 250 191 249 54 101 131 197 128 208 145 179 153 240 199 240 3 134 76
52 15 2431 191 162 247 22 239 122 223 23 179 218 133 240 239 66 243 197 230 148 173 107 202 241 213 225 247 19 143 235 137 95
53 15 2559 249 164 244 153 212 73 239 121 241 244 225 98 233 139 90 60 220 41 229 180 159 186 204 204 159 41 250 14 245 196
54 15 2219 216 187 127 136 100 60 232 74 214 104 235 228 189 131 216 235 230 3 220 56 144 233 91 59 150 60 204 11 206 116
55 15 2326 180 79 118 16 221 187 182 10 243 61 223 124 145 78 154 126 218 18 224 244 160 88 246 35 189 35 246 128 159 238
56 15 2532 223 143 238 121 162 29 173 161 237 121 246 110 236 134 146 84 175 101 248 238 163 7 237 66 230 230 233 200 218 110
57 15 2309 214 78 151 23 248 99 162 182 185 65 249 61 234 243 130 113 177 157 203 138 109 37 175 137 227 9 184 38 239 195
58 15 2255 122 19 216 27 236 130 163 185 143 128 147 159 207 175 247 205 158 118 208 133 214 168 230 153 178 247 175 89 175 56
59 15 2229 125 73 209 140 199 161 168 247 182 201 167 237 149 28 234 134 186 169 213 115 241 58 130 211 184 64 195 84 205 64
60 15 2647 245 182 245 127 192 130 213 232 158 231 175 152 222 213 245 239 227 244 222 104 187 73 250 241 248 210 233 9 247 168
61 15 2380 214 60 193 101 207 87 215 54 205 126 146 219 240 197 128 37 157 145 217 101 243 36 192 193 243 68 202 196 173 141
62 15 2188 223 112 207 102 157 207 150 32 89 192 151 2 246 78 199 193 224 198 234 27 197 231 102 156 166 74 172 23 219 20
63 15 2218 148 70 248 106 179 240 129 138 138 133 213 189 207 203 168 145 155 157 238 104 157 118 178 78 244 139 228 13 143 234
64 15 2183 163 82 165 188 228 163 243 112 176 9 220 145 173 222 227 121 110 2 115 213 170 134 110 80 170 14 250 49 209 230
65 15 2513 208 61 205 43 184 64 241 174 223 1 204 227 226 1 237 167 234 175 178 97 173 223 237 168 169 111 228 46 195 220
66 15 2620 241 72 198 19 243 235 219 141 197 247 241 101 208 210 214 64 236 238 206 230 225 23 207 134 186 169 229 54 226 121
67 15 2247 242 189 160 151 216 146 155 140 183 219 149 46 228 146 157 125 103 206 205 221 203 60 142 146 246 231 172 78 248 112
68 15 2515 228 49 246 184 122 245 184 137 218 20 242 171 201 175 189 66 219 221 202 93 238 76 242 201 229 41 195 67 189 112
69 15 2618 235 226 250 156 243 14 247 249 223 39 72 193 175 33 232 135 244 239 218 180 226 113 200 168 240 171 219 201 249 149
70 15 2225 226 16 202 94 248 111 107 143 207 93 142 175 189 80 143 244 184 75 69 173 186 210 196 161 220 238 235 183 228 150
71 15 2348 248 74 193 127 243 125 156 17 240 72 217 152 136 134 239 105 196 5 205 233 217 22 135 75 77 241 196 59 238 231
72 15 2575 173 205 232 139 163 166 219 114 231 112 184 105 246 225 209 79 244 10 231 227 153 191 233 82 235 205 226 76 240 162
73 15 2464 178 22 93 129 167 83 246 65 242 175 244 89 239 175 185 27 241 148 250 32 235 144 227 218 146 15 230 193 157 20
74 15 2356 236 134 181 142 170 152 245 107 202 51 127 233 200 229 197 224 133 36 229 110 208 135 232 211 241 187 213 60 132 105
75 15 2288 230 19 133 227 184 78 128 242 154 25 231 148 214 18 249 223 111 215 244 171 243 6 198 229 181 39 163 223 198 250
76 15 2180 203 154 220 119 173 194 222 10 210 118 211 174 163 79 68 139 110 183 168 64 177 175 216 225 167 13 202 3 216 242
77 15 2566 245 37 228 30 153 130 209 118 180 43 220 1 234 146 213 115 246 73 231 198 245 183 199 34 237 54 192 177 176 39
78 15 2374 231 11 216 226 144 54 138 219 84 25 202 175 226 83 217 220 215 10 239 97 239 119 220 36 183 4 234 8 180 247
79 15 2604 243 146 197 13 237 99 244 107 232 245 208 22 250 106 202 65 205 19 215 157 206 187 214 123 243 144 184 75 175 86
80 15 2367 188 102 240 115 236 38 195 21 181 242 185 67 236 241 208 7 247 28 182 68 181 66 198 115 122 67 135 154 225 29
81 15 2347 221 67 168 59 120 222 217 75 239 188 146 240 206 218 185 150 222 120 172 108 213 235 191 205 199 7 196 183 239 31
82 15 2424 137 141 191 152 231 50 235 16 214 120 173 86 194 20 224 33 209 69 199 29 137 55 222 31 248 218 211 72 206 80
83 15 2477 134 12 190 26 187 10 167 28 245 9 179 18 242 11 234 142 203 191 247 147 214 82 233 186 144 98 239 247 239 39
84 15 2531 241 113 235 52 213 67 175 109 242 50 227 144 192 85 198 108 215 94 182 189 137 16 230 240 239 96 230 32 208 66
85 15 2252 220 180 201 192 227 51 214 240 234 247 161 82 174 186 128 158 240 187 130 196 223 136 142 137 156 14 127 164 238 132
86 15 2178 173 7 210 230 218 226 217 217 119 41 217 88 180 138 138 73 32 104 193 34 225 244 143 196 241 186 220 247 197 174
87 15 2342 238 181 132 171 180 178 203 154 228 193 241 242 190 95 184 100 85 163 191 197 206 32 217 248 207 66 221 167 205 244
88 15 2436 234 27 139 208 204 153 234 6 248 84 210 152 198 54 200 214 233 187 165 141 207 240 190 26 143 240 204 98 237 93
89 15 2383 239 20 127 53 171 130 242 122 237 111 182 12 209 242 170 9 137 53 176 125 233 238 165 168 246 60 234 232 211 68
90 15 2246 223 130 173 91 233 4 202 92 120 220 164 50 234 97 234 27 191 160 178 142 157 136 205 244 203 63 165 30 126 206
91 15 2441 249 9 250 84 213 230 156 118 195 55 243 99 193 149 152 9 160 194 246 101 249 68 221 181 232 166 48 20 245 167
92 15 2383 157 174 209 242 228 190 200 202 243 23 208 20 231 243 199 205 217 60 236 1 175 7 176 5 220 4 228 165 52 226
93 15 2524 248 204 230 83 223 78 240 165 200 94 231 145 177 71 246 245 234 164 93 14 173 154 219 69 195 198 221 160 226 142
94 15 2550 229 84 240 7 235 168 126 159 206 97 243 220 247 179 115 177 233 52 217 193 234 203 232 237 197 118 235 80 199 41
95 15 2338 191 114 196 118 249 123 234 202 243 210 139 66 186 16 184 107 214 139 235 171 66 196 200 153 228 132 119 117 239 48
96 15 2413 224 201 241 156 217 71 133 195 190 26 239 29 224 70 164 172 230 218 174 62 230 17 174 82 159 112 170 53 248 240
97 15 2519 247 95 226 221 228 96 187 159 163 239 197 205 228 138 188 104 249 228 228 20 153 60 190 214 250 175 226 2 189 86
98 15 2527 241 238 214 247 245 113 250 92 248 42 189 93 184 79 206 3 231 99 189 31 238 78 96 238 230 188 179 250 219 104
99 15 2498 231 175 245 204 217 52 225 102 159 33 199 23 194 58 186 45 245 215 240 82 163 191 223 202 223 179 188 43 185 227
100 15 2468 225 221 238 95 249 182 183 239 198 152 241 161 173 132 171 64 179 78 227 12 214 25 237 171 111 161 233 116 207 176
101 15 2350 87 16 235 229 127 40 214 3 214 22 136 165 191 135 231 4 171 162 240 38 249 167 247 4 244 72 204 196 148 34
102 15 2416 223 14 245 101 154 44 229 47 206 133 239 144 171 74 214 8 195 224 182 83 141 204 206 94 210 102 185 200 220 230
103 15 2296 222 155 208 14 244 229 170 198 153 193 219 175 120 125 232 187 238 66 236 96 167 103 105 110 226 174 94 229 237 234
104 15 2485 207 194 231 242 245 128 249 129 121 100 223 180 103 218 238 100 228 198 209 142 159 114 247 43 233 139 182 143 232 11
105 15 2193 220 78 102 249 213 157 223 152 163 124 246 26 147 81 213 156 229 36 135 77 26 3 213 179 212 18 173 80 227 124
106 15 2528 205 194 199 29 223 6 171 214 219 116 231 211 238 230 195 145 208 131 226 32 186 214 250 98 156 199 215 247 238 145
107 15 2420 192 101 114 181 207 187 250 3 223 181 173 15 195 21 245 112 230 128 183 70 234 148 232 120 109 38 248 55 191 238
108 15 2280 210 54 213 49 233 138 121 96 182 92 122 109 108 46 209 167 239 126 156 216 132 62 247 238 240 186 245 150 193 80
109 15 2412 246 47 210 75 167 74 212 205 213 183 189 111 228 248 208 167 228 103 164 33 211 234 130 191 225 237 250 171 135 68
110 15 2229 231 84 231 127 150 169 132 97 75 82 236 236 221 24 215 38 204 136 212 216 183 107 75 137 213 221 214 109 195 213
111 15 2301 120 129 215 233 205 234 217 95 235 69 73 245 245 166 202 14 174 151 203 212 174 143 149 99 205 24 232 207 228 107
112 15 2515 104 223 229 16 231 213 227 135 241 135 233 98 201 19 212 32 207 24 189 144 220 13 248 99 197 169 183 78 222 25
113 15 2281 129 126 235 12 115 5 208 150 178 78 125 238 241 67 150 94 221 241 242 178 250 227 233 47 170 61 208 178 147 105
114 15 2196 142 100 237 74 183 199 151 123 234 42 219 166 220 215 145 246 250 47 148 88 155 177 199 195 145 233 140 7 178 205
115 15 2092 218 210 95 65 170 78 229 79 150 216 198 226 186 80 172 178 106 248 90 155 174 248 160 43 180 207 237 248 250 187
116 15 2112 183 213 154 32 226 40 197 35 204 2 249 71 172 38 189 195 227 90 53 61 144 187 155 104 157 248 131 194 200 234
117 15 2403 178 42 160 145 185 28 221 58 212 66 231 219 222 133 195 121 218 145 212 240 111 29 213 108 169 65 234 200 243 184
118 15 2454 161 71 239 154 240 179 202 86 248 4 202 60 226 50 192 195 96 116 185 137 223 71 244 71 243 23 207 157 160 132
119 15 2389 170 176 183 158 210 70 233 114 199 64 197 167 197 168 174 132 226 37 150 154 185 242 238 30 248 47 214 177 163 235
120 15 2294 225 7 236 84 232 246 85 212 215 128 200 20 163 81 202 167 242 135 137 192 168 132 191 194 89 162 244 88 239 39
121 15 2322 185 192 177 85 183 210 132 14 204 19 237 47 199 209 245 204 246 104 188 66 187 160 164 246 177 71 144 6 235 36
122 15 2376 245 242 152 242 206 245 241 121 241 57 228 210 245 215 188 36 150 77 101 212 177 127 239 242 90 15 230 53 238 100
123 15 2384 237 129 163 16 171 48 245 108 233 71 218 13 159 179 245 25 164 209 236 19 165 176 175 158 247 205 156 102 166 187
124 15 2331 204 234 204 120 220 249 198 27 182 148 220 156 220 76 212 39 177 96 115 57 171 50 225 37 246 227 91 240 229 82
125 15 2563 249 243 138 112 227 96 236 210 242 200 199 208 242 14 172 18 154 141 224 157 233 9 248 192 214 15 229 40 197 98
126 15 2201 195 208 209 143 72 99 186 18 149 20 206 204 174 8 192 187 244 220 236 180 150 77 113 225 161 110 232 3 233 240
127 15 2431 156 218 226 157 240 26 238 13 176 83 227 84 116 227 190 40 161 41 239 222 247 215 211 214 243 172 249 23 120 35
128 15 2586 233 150 234 24 229 30 242 154 246 48 219 199 190 4 174 58 215 164 236 18 198 215 215 155 245 184 143 49 214 95
129 15 2562 234 47 250 46 70 89 233 170 242 115 124 122 242 240 244 91 216 116 242 171 210 115 233 187 173 89 248 115 242 89
130 15 2404 171 101 214 6 114 143 238 42 184 163 198 84 249 42 209 148 249 233 177 223 141 91 207 133 212 39 207 148 236 55
131 15 2344 234 133 145 206 244 169 208 140 249 130 121 127 181 67 239 63 146 215 146 9 174 142 246 88 142 192 210 72 246 110
132 15 2346 247 210 220 243 229 104 174 211 207 138 165 2 230 159 219 181 223 89 201 216 189 155 193 61 233 161 131 151 72 12
133 15 2439 226 14 151 137 213 247 212 61 245 99 226 244 224 41 236 64 191 183 244 100 187 160 244 211 47 124 245 27 158 4
134 15 2401 170 198 175 17 108 73 226 1 236 28 154 108 209 214 221 79 223 123 231 236 201 23 239 115 122 212 243 159 244 66
135 15 2354 229 32 247 11 137 87 39 58 249 210 222 157 234 69 160 185 127 13 209 6 160 33 243 243 249 117 188 92 250 11
136 15 2500 247 114 126 59 188 42 179 204 141 6 250 77 193 244 239 143 238 13 240 157 208 187 220 133 207 19 214 16 236 66
137 15 2233 175 4 239 82 189 60 96 225 133 100 229 85 192 84 179 227 206 194 243 151 233 128 164 92 143 116 211 185 160 160
138 15 2148 132 184 144 89 202 114 146 197 210 175 227 104 117 81 205 201 201 222 185 20 162 16 159 195 193 179 187 194 215 191
139 15 2369 247 214 201 129 163 87 151 120 217 208 128 29 227 222 230 6 239 100 137 93 160 112 218 80 242 244 232 159 170 123
140 15 2264 234 112 225 33 120 195 118 175 244 239 246 170 205 83 193 120 118 135 101 41 206 143 207 31 213 152 215 144 185 51
141 15 2312 228 37 239 149 238 84 58 82 224 52 113 207 225 192 183 247 170 26 203 83 240 158 165 151 211 138 152 24 241 164
142 15 2579 249 148 200 63 173 100 179 145 215 217 250 214 186 108 208 102 200 200 208 140 245 211 224 53 219 40 247 92 221 237
143 15 2326 242 243 109 6 200 233 194 212 183 156 241 37 223 210 220 137 214 54 156 66 146 115 117 168 225 95 196 207 242 106
144 15 2608 243 190 246 156 234 158 237 106 217 100 244 118 175 125 203 211 221 120 208 46 195 197 172 216 222 92 211 139 233 192
145 15 2588 219 74 215 167 232 91 217 181 246 109 180 82 202 9 243 151 233 56 222 37 241 228 215 218 138 108 238 105 195 96
146 15 2360 242 74 200 141 143 108 248 39 152 33 215 90 195 151 219 237 201 52 222 150 197 57 98 177 228 211 222 170 169 147
147 15 2201 216 108 142 68 191 146 127 74 204 109 136 46 210 174 201 182 189 182 208 160 205 210 177 109 245 15 179 100 122 212
148 15 2493 211 103 229 37 169 143 181 45 225 191 230 194 215 17 240 109 241 174 200 94 175 112 169 65 211 104 230 9 191 153
149 15 2411 218 26 227 9 167 28 225 246 126 135 234 49 234 99 177 177 239 25 199 106 201 136 184 115 177 154 209 194 197 222
150 15 2395 250 101 186 188 162 171 140 61 242 163 210 68 249 4 211 143 199 111 214 157 179 206 240 156 184 90 235 67 93 226
151 15 2584 248 172 161 4 228 223 248 209 208 12 217 145 222 244 241 164 177 111 123 189 242 59 224 78 220 176 235 250 237 99
152 15 2440 161 225 161 135 160 110 219 91 224 93 145 141 231 68 249 102 207 145 196 211 188 103 241 106 223 136 230 88 216 56
153 15 2496 214 248 214 188 237 230 134 56 234 22 171 164 234 120 235 236 155 178 245 208 233 17 212 104 160 148 193 82 250 87
154 15 2338 186 53 209 203 157 86 231 160 245 146 238 3 59 67 166 168 182 199 210 168 206 104 239 166 150 169 206 172 239 225
155 15 2221 214 224 180 91 167 16 172 120 114 35 204 83 148 232 153 244 199 151 219 185 166 10 159 35 246 94 236 129 200 246
156 15 2377 213 47 199 77 53 70 172 137 206 46 244 73 243 85 233 112 177 146 208 31 201 105 237 96 235 239 110 157 241 233
157 15 2505 231 191 235 88 248 184 210 90 173 247 237 42 231 149 247 138 169 132 132 13 152 33 248 210 142 87 244 40 233 249
158 15 2687 222 9 239 31 224 205 242 138 216 212 209 35 227 152 231 64 224 234 207 81 235 79 242 132 187 38 208 64 246 120
159 15 2416 209 250 128 60 106 120 219 177 236 19 122 145 232 133 196 231 210 210 202 199 249 17 238 88 238 103 198 128 238 74
160 15 2379 198 200 142 184 154 170 165 140 173 90 130 190 230 34 223 238 235 147 224 188 217 227 205 91 191 38 239 23 248 60
161 15 2300 139 155 211 40 75 46 239 164 234 219 149 210 235 127 209 226 223 95 239 10 193 239 220 65 152 22 143 198 215 160
162 15 2458 231 149 240 148 183 115 209 32 124 194 221 131 219 193 244 164 239 40 249 147 169 127 153 152 128 80 219 30 245 55
163 15 2312 171 75 219 204 217 186 189 63 243 39 124 173 206 165 226 64 215 129 191 194 204 119 224 242 230 37 96 177 136 95
164 15 2384 179 91 230 43 248 57 236 110 195 244 190 20 181 24 109 109 192 104 234 46 123 29 247 78 220 134 223 33 173 113
165 15 2454 249 61 244 16 209 232 237 37 116 205 163 96 203 197 216 128 227 171 212 237 144 32 241 239 206 36 209 187 192 50
166 15 2121 232 162 119 50 171 158 250 67 69 199 247 124 138 225 90 154 243 250 247 57 72 53 218 208 116 94 197 211 243 47
167 15 2532 198 20 219 19 240 160 222 122 247 95 160 106 239 180 218 250 220 207 174 242 185 16 195 159 230 24 231 137 187 88
168 15 2297 172 51 222 158 172 155 225 97 216 170 173 140 205 196 83 53 182 38 235 153 197 133 231 70 240 141 219 29 100 72
169 15 2183 178 52 136 120 227 249 235 19 201 33 238 133 188 2 158 224 190 27 159 233 113 132 151 4 179 209 224 37 152 54
170 15 2372 205 180 193 105 197 207 246 115 121 160 218 164 182 120 205 229 207 197 240 249 247 20 74 193 212 145 238 250 181 43
171 15 2451 215 85 230 33 154 235 240 151 173 64 211 106 237 158 227 203 216 106 126 27 215 121 199 234 230 173 161 81 230 214
172 15 2517 231 142 153 127 243 209 138 19 139 66 217 204 240 245 223 57 226 174 193 145 221 2 230 58 225 175 239 92 229 70
173 15 2089 67 219 232 78 195 101 166 237 195 191 95 119 241 172 235 196 182 57 207 32 178 198 119 248 211 120 165 225 124 49
174 15 2504 201 19 233 139 210 212 226 162 223 226 220 131 244 148 184 163 169 132 210 163 94 113 227 76 233 110 221 11 236 44
175 15 2436 175 147 245 129 189 217 223 220 219 227 156 21 197 156 246 146 130 132 201 189 222 178 239 229 113 191 246 2 244 49
176 15 2348 232 109 242 45 160 116 167 203 187 242 248 56 210 220 181 190 235 37 60 214 249 217 157 177 229 196 182 134 196 139
177 15 2506 228 235 222 152 222 102 229 89 139 92 213 173 246 171 206 189 217 30 249 51 200 126 97 63 195 175 221 130 249 65
178 15 2368 90 44 166 77 246 135 230 16 194 240 236 72 174 235 245 45 242 73 211 147 110 249 219 233 167 62 230 186 201 219
179 15 2252 56 51 166 179 143 56 177 23 194 149 181 235 231 206 250 99 243 233 189 236 238 87 99 13 200 186 236 118 213 206
180 15 2447 206 98 167 83 209 193 215 44 149 235 206 99 240 165 82 21 245 82 178 131 246 26 191 218 246 6 247 103 232 185
181 15 2548 225 108 157 47 238 198 239 219 201 75 179 81 245 193 226 76 83 136 181 128 245 184 248 206 248 37 231 165 240 139
182 15 2512 198 64 211 169 198 172 206 244 246 206 243 28 250 209 160 175 240 127 160 148 158 147 166 41 250 243 219 28 235 148
183 15 2441 214 33 231 12 234 147 144 205 241 151 228 92 156 37 228 134 90 77 180 14 247 138 226 195 218 17 196 127 219 140
184 15 2244 227 184 169 133 86 134 207 218 223 49 185 141 223 229 206 240 249 113 217 3 244 56 138 29 204 181 105 248 123 50
185 15 2462 195 147 207 88 231 186 159 175 227 244 246 247 127 161 224 156 234 70 211 137 181 31 139 5 237 1 241 6 219 29
186 15 2456 249 100 208 97 248 173 207 122 177 184 184 204 191 8 219 245 250 191 148 129 141 150 179 220 239 31 205 90 225 245
187 15 2528 237 220 217 76 241 15 184 200 248 14 203 147 241 17 233 169 107 182 180 103 201 186 199 219 210 182 215 22 244 139
188 15 2548 217 244 234 250 195 74 178 174 152 116 245 190 242 44 220 206 188 244 249 234 161 35 242 78 248 143 243 9 172 122
189 15 2377 193 78 152 55 174 11 218 247 167 63 141 243 202 93 192 29 196 230 248 9 218 157 234 234 206 174 217 127 214 168
190 15 2443 171 222 170 31 111 49 147 128 249 145 202 18 247 109 210 2 146 99 249 86 204 48 207 24 247 217 247 27 247 75
191 15 2388 222 7 240 87 207 26 195 158 192 15 185 180 124 178 180 42 245 48 187 123 153 100 201 217 246 239 168 200 241 126
192 15 2350 213 178 228 226 137 64 222 199 247 141 167 50 175 220 162 230 215 194 189 30 168 12 186 78 158 197 243 244 228 250
193 15 2338 229 177 126 200 181 188 199 31 248 121 223 105 231 230 218 28 155 222 237 206 209 131 200 21 143 117 225 123 99 26
194 15 2384 193 83 161 96 210 39 218 78 195 153 193 124 223 43 236 233 242 25 210 233 179 57 192 115 225 204 144 230 159 65
195 15 2486 163 116 148 182 228 139 211 67 195 47 221 90 239 24 239 72 229 124 234 245 129 171 226 31 235 217 239 174 172 151
196 15 2346 152 106 224 166 219 150 246 222 205 182 238 173 219 220 228 182 233 174 114 200 170 138 84 219 143 216 248 247 210 22
197 15 2310 210 125 108 85 124 204 230 20 211 43 224 38 167 6 204 62 164 23 152 69 225 34 171 115 225 97 249 190 224 96
198 15 2532 171 10 194 128 241 218 223 250 215 117 215 246 234 4 228 119 216 118 200 21 212 80 192 88 128 153 249 214 247 18
199 15 2476 235 49 149 168 157 166 204 54 230 95 180 83 226 161 242 7 242 229 224 36 169 154 226 231 222 210 152 160 238 194
200 15 2402 207 11 220 188 161 250 241 46 198 88 237 147 247 82 162 208 191 234 195 117 190 113 81 179 193 146 246 186 234 178
201 15 2318 171 160 214 16 192 100 127 3 227 162 115 194 46 163 248 190 230 130 210 151 218 83 229 204 239 234 208 220 224 32
202 15 2564 153 59 220 229 146 62 211 35 226 35 238 217 239 241 226 35 227 148 232 118 178 10 237 201 240 230 191 247 241 249
203 15 2400 216 88 247 19 241 200 216 186 144 49 182 232 212 74 211 249 150 86 168 12 182 15 174 218 193 243 238 229 226 193
204 15 2488 227 177 146 4 188 124 230 112 194 69 232 142 213 34 187 12 229 132 174 34 240 159 198 143 208 83 196 51 248 6
205 15 2230 220 135 142 23 186 29 227 215 250 40 176 61 137 246 239 4 229 6 198 219 146 250 139 208 69 102 241 34 189 241
206 15 2431 242 54 236 176 203 177 216 212 226 10 167 25 171 63 148 38 151 53 244 136 172 225 243 201 235 132 158 169 227 63
207 15 2446 198 72 182 250 248 33 172 122 240 48 228 84 228 86 167 133 221 73 250 102 231 156 192 113 234 71 131 185 136 183
208 15 2536 232 195 177 98 232 38 215 193 179 47 218 239 243 115 204 195 226 13 215 175 187 78 233 166 189 77 241 193 180 95
209 15 2292 160 65 174 75 218 202 208 47 198 110 182 183 232 224 148 106 203 22 210 46 232 233 183 188 227 119 124 96 167 87
210 15 2218 214 145 225 238 76 27 215 184 248 94 169 60 191 72 167 48 134 78 100 207 205 204 236 124 234 88 215 68 144 226
211 15 2447 210 68 229 88 181 55 168 1 195 81 218 240 233 190 190 22 193 101 223 100 197 3 221 59 123 250 232 41 246 174
212 15 2359 231 77 203 166 159 239 249 120 234 40 245 8 196 202 204 105 196 50 228 103 153 207 168 194 91 144 246 243 146 165
213 15 2541 146 210 213 165 227 159 230 29 232 30 208 247 240 133 195 108 152 158 225 3 218 226 237 153 210 206 245 9 199 49
214 15 2344 234 103 229 30 239 87 164 31 98 219 231 35 124 13 245 130 81 133 171 128 227 42 235 2 232 129 224 19 197 195
215 15 2138 115 113 107 132 99 153 205 52 182 36 250 160 187 110 205 137 244 41 217 53 137 12 85 172 232 123 179 147 229 133
216 15 2413 243 78 162 227 240 98 211 79 151 14 245 79 238 10 235 115 154 52 202 84 223 94 212 211 182 2 94 245 225 206
217 15 2370 244 2 213 193 226 44 151 153 222 25 173 20 187 62 223 249 206 163 165 39 241 123 215 236 244 117 158 39 95 222
218 15 2548 212 175 234 86 237 57 243 205 189 131 216 38 244 96 245 42 245 20 159 139 181 170 218 188 173 12 218 145 171 206
219 15 2513 242 137 250 71 217 125 218 1 250 189 172 145 128 113 116 33 192 152 236 90 222 4 229 224 242 237 195 82 233 118
220 15 2356 234 1 184 87 238 61 216 190 76 55 193 85 170 19 228 18 250 216 198 81 235 185 232 197 195 52 172 210 124 155
221 15 2503 241 62 232 19 238 198 205 187 158 211 116 211 239 172 219 32 237 173 180 75 218 15 183 232 244 151 198 22 221 248
222 15 2393 216 227 222 141 246 114 239 195 237 144 216 87 169 174 212 34 201 126 177 191 226 128 235 198 100 250 163 23 133 24
223 15 2348 219 30 182 87 161 178 234 125 219 136 228 146 194 106 208 150 169 247 151 227 234 67 184 194 216 45 206 41 130 205
224 15 2405 241 35 231 47 246 12 214 94 177 153 124 212 148 138 139 189 237 3 216 39 233 139 250 128 206 141 209 227 136 210
225 15 2519 227 166 177 176 240 204 130 56 250 139 197 147 213 131 154 121 218 72 215 100 241 118 223 164 211 184 242 106 211 44
226 15 2571 225 37 227 16 233 87 198 246 236 227 205 89 232 135 203 194 247 30 246 88 196 109 222 163 177 248 134 133 233 103
227 15 2354 188 188 185 231 215 35 141 108 248 116 216 148 205 111 145 70 213 232 201 153 166 243 189 200 219 178 210 24 202 40
228 15 2328 172 186 202 64 233 201 196 2 119 244 203 141 207 86 129 45 167 150 245 218 249 171 230 76 139 233 178 201 241 191
229 15 2442 237 1 232 71 219 233 226 166 186 179 217 108 183 84 146 76 180 169 230 87 225 74 250 140 174 13 220 100 128 30
230 15 2480 206 121 226 223 187 16 233 100 121 149 149 21 194 241 245 136 218 49 172 115 235 80 241 226 238 239 186 91 249 46
231 15 2360 156 173 222 155 181 10 217 176 206 68 207 145 222 52 160 33 164 181 234 213 198 227 175 106 180 217 185 55 243 183
232 15 2336 205 163 152 173 247 40 226 233 237 85 244 238 195 120 210 108 85 85 117 100 104 64 214 51 240 248 242 176 203 112
233 15 2056 159 97 87 88 218 190 246 234 119 181 131 106 245 134 123 85 228 83 167 229 157 213 202 66 156 26 134 208 199 26
234 15 2212 241 57 121 52 208 111 113 209 154 61 135 129 215 31 224 65 197 56 183 179 197 8 230 144 214 146 198 111 135 161
235 15 2404 182 171 217 161 213 243 233 157 242 20 203 85 196 217 152 78 250 231 192 154 224 246 191 129 185 82 160 131 165 86
236 15 2397 130 228 190 74 240 77 165 225 228 243 246 10 245 249 178 119 136 98 186 140 235 29 136 26 222 2 229 107 231 232
237 15 2486 244 213 148 199 162 147 184 42 217 81 189 59 242 13 235 245 241 131 233 89 184 17 211 102 186 139 182 43 250 73
238 15 2470 151 76 246 173 246 126 242 141 242 141 226 191 230 161 216 94 232 57 96 245 170 166 175 48 219 123 195 134 202 245
239 15 2382 129 150 249 163 178 198 143 121 243 25 210 218 235 128 242 8 119 242 142 79 232 112 205 101 244 120 164 214 243 227
240 15 2380 211 241 176 48 169 93 247 215 148 130 185 123 124 30 210 48 235 3 170 240 228 173 213 227 237 8 190 45 232 53
241 15 2543 227 214 143 105 228 103 190 235 202 84 215 229 200 67 213 9 235 31 201 3 221 160 224 15 191 227 242 53 247 33
242 15 2488 162 229 218 143 136 153 232 128 211 130 222 149 220 74 215 201 231 208 223 145 108 182 245 143 220 136 238 138 229 16
243 15 2571 247 193 169 113 233 172 214 201 201 133 118 48 244 3 204 7 247 247 206 87 248 50 240 40 238 77 223 247 182 50
244 15 2460 232 108 237 41 185 26 195 212 215 52 235 226 197 13 117 178 162 41 131 5 243 238 236 29 230 17 218 77 243 67
245 15 2544 243 91 194 118 217 213 181 24 201 180 213 114 237 231 183 53 246 180 151 21 231 232 197 115 238 113 211 49 237 202
246 15 2283 86 14 172 175 239 69 220 76 223 200 195 18 196 124 230 212 167 232 212 164 164 133 215 104 164 99 171 167 200 216
247 15 2175 161 82 208 51 82 38 178 72 155 58 65 208 200 219 131 110 247 60 191 74 209 120 231 128 209 48 202 214 250 159
248 15 2468 237 42 135 214 110 153 222 44 180 211 159 149 216 73 249 247 237 142 182 180 242 26 233 53 239 28 197 186 248 241
249 15 2504 214 113 240 169 248 191 222 184 159 166 242 83 198 52 248 154 138 149 224 182 164 155 198 179 236 81 226 227 173 27
250 15 2272 235 245 232 82 53 144 220 117 244 38 231 150 174 195 241 50 246 130 96 42 106 5 186 213 186 30 156 225 235 175
