1 15 2248 194 62 133 159 242 152 206 184 217 125 119 148 245 58 84 190 196 211 247 23 166 212 196 27 178 3 144 1 244 106
2 15 2122 194 31 207 195 200 206 178 88 189 60 201 173 63 55 212 50 165 109 42 173 168 208 244 89 220 205 152 51 218 33
3 15 2147 232 42 216 145 25 133 79 214 162 19 242 49 131 206 153 159 171 23 237 131 243 206 209 7 140 195 216 93 228 2
4 15 1959 235 177 108 88 199 5 173 168 99 29 83 229 242 205 246 116 131 162 189 84 222 242 97 134 142 79 68 93 215 64
5 15 2167 242 90 126 67 55 136 244 46 160 16 240 122 244 54 87 78 221 209 244 159 244 99 112 173 141 86 211 158 138 103
6 15 2263 247 76 229 133 124 232 250 37 234 187 155 167 190 199 172 79 215 63 68 212 205 219 249 170 232 113 121 225 138 246
7 15 2402 221 128 124 186 239 13 120 126 165 175 237 233 242 178 231 120 190 130 244 135 190 208 233 146 170 54 170 189 227 103
8 15 2064 212 146 215 80 221 65 121 82 106 122 242 32 171 35 157 19 61 39 180 106 229 244 237 208 200 96 182 184 46 28
9 15 2014 124 170 59 123 153 221 201 129 199 122 216 122 211 123 169 173 74 89 247 64 159 222 231 65 139 185 97 144 239 140
10 15 2170 245 15 166 212 70 41 187 212 241 29 216 13 235 174 208 109 198 218 97 222 119 3 226 131 109 49 225 75 171 4
11 15 2216 199 131 179 224 196 75 222 201 219 177 234 185 226 189 135 123 92 189 129 139 178 222 249 246 226 76 139 230 148 9
12 15 2216 138 60 222 214 165 157 99 85 198 111 242 81 219 31 241 151 38 132 227 5 211 83 235 208 192 120 99 240 244 42
13 15 2020 177 207 201 139 250 18 164 64 134 103 213 106 193 74 109 123 139 233 149 202 108 139 149 103 231 173 64 122 244 9
14 15 1821 193 56 220 166 238 127 122 6 213 80 204 225 103 191 123 209 127 227 46 215 181 216 185 178 77 200 89 158 156 31
15 15 2110 101 160 205 116 232 37 127 27 137 190 212 201 238 4 221 225 221 177 218 120 46 182 187 108 189 217 146 127 158 120
16 15 2208 239 237 187 99 245 11 234 144 187 17 249 137 231 248 59 161 73 98 156 23 144 126 113 148 231 25 192 78 220 95
17 15 1668 134 85 205 91 162 67 160 34 213 193 168 223 9 6 128 122 68 208 38 114 158 5 166 245 146 109 183 46 147 16
18 15 2047 86 152 180 228 246 217 196 168 235 164 246 13 107 233 236 101 212 73 179 151 78 192 48 102 242 162 25 7 243 7
19 15 2127 127 175 179 137 41 82 242 22 207 22 137 29 194 202 87 86 207 166 215 82 176 211 179 178 244 250 201 216 223 145
20 15 2210 223 150 221 105 128 126 52 97 203 159 64 112 240 222 183 213 229 87 239 235 181 82 177 216 228 248 211 250 184 43
21 15 2136 199 10 241 167 241 53 246 186 197 57 242 113 186 134 112 215 71 176 206 111 164 207 163 234 90 113 175 138 138 84
22 15 2338 105 79 232 139 238 180 226 136 148 18 189 58 222 120 205 121 239 22 153 203 141 122 214 173 248 182 245 106 118 84
23 15 2172 94 233 233 58 136 123 215 217 217 175 197 217 143 201 73 61 198 141 212 144 250 18 250 174 180 144 208 195 109 233
24 15 1899 169 133 195 241 109 106 115 158 214 154 66 89 121 187 180 6 176 210 98 248 171 240 250 77 130 194 181 175 199 93
25 15 2039 164 243 225 38 207 90 227 91 125 75 195 18 99 124 156 85 233 106 70 103 195 89 103 9 223 101 136 221 191 39
26 15 1959 33 143 243 191 52 173 175 5 155 45 141 94 203 186 127 179 212 159 244 96 76 239 180 73 235 179 133 108 240 68
27 15 1892 47 27 62 66 230 168 178 152 127 220 196 180 238 108 224 40 207 22 156 216 219 131 50 224 123 20 130 168 178 233
28 15 2024 182 176 238 235 173 12 71 226 162 244 188 77 139 97 232 237 249 109 220 1 128 124 76 246 177 49 148 227 147 220
29 15 2091 79 119 234 76 223 12 164 166 210 149 148 163 227 210 160 172 193 110 198 28 196 150 166 12 119 215 166 219 131 1
30 15 1673 214 215 160 63 58 106 76 162 210 40 220 28 116 216 126 24 198 130 48 108 201 194 108 50 108 191 37 94 212 236
31 15 2035 203 15 249 173 212 195 125 60 64 81 177 151 142 10 179 211 232 188 131 232 202 215 194 199 214 72 90 136 130 214
32 15 2201 192 180 215 100 98 204 152 158 92 93 235 7 181 192 185 100 167 183 197 230 153 163 202 90 220 234 250 233 213 206
33 15 2162 127 30 68 59 240 149 234 63 165 42 223 179 210 209 248 41 39 99 188 52 225 7 163 195 203 174 175 216 195 129
34 15 1846 167 25 223 29 211 249 98 176 94 54 100 209 152 65 167 142 142 155 98 205 160 38 58 92 216 165 197 66 225 189
35 15 1985 81 168 208 96 234 109 106 162 146 248 180 7 222 36 188 241 90 171 244 69 169 205 169 248 180 183 217 224 48 155
36 15 2160 183 214 169 143 220 2 165 72 239 27 186 150 248 20 102 123 199 128 195 11 33 125 248 38 178 53 221 61 114 57
37 15 2120 187 142 123 122 241 120 241 118 98 242 235 224 248 217 222 45 58 117 239 17 235 128 128 220 61 129 199 18 135 181
38 15 2232 115 89 215 4 188 178 198 160 240 19 143 36 236 124 179 249 83 227 239 178 229 128 174 130 247 221 198 218 107 79
39 15 2047 128 69 191 148 237 168 99 125 221 40 239 100 149 105 203 48 109 141 161 170 125 54 138 85 135 169 245 110 179 172
40 15 2397 133 146 228 200 169 86 246 27 240 161 139 40 179 160 248 10 232 27 203 62 174 77 89 209 236 143 242 248 239 60
41 15 1916 210 148 103 92 117 117 91 4 158 145 60 132 195 6 203 143 171 239 132 170 229 187 204 13 218 4 219 54 85 137
42 15 1901 213 179 229 242 69 69 190 139 101 111 232 177 48 155 222 174 121 233 215 122 177 93 229 168 117 237 60 178 154 51
43 15 2165 201 129 195 239 155 84 101 235 140 246 247 11 166 66 191 149 228 113 248 29 219 249 208 250 132 77 184 227 92 4
44 15 2360 169 22 231 199 241 87 210 143 215 74 214 218 238 243 225 82 80 139 224 111 210 234 136 27 167 129 222 30 169 128
45 15 1975 158 4 83 105 165 110 238 199 185 103 142 227 102 132 205 165 210 97 162 125 89 123 167 209 72 92 244 67 247 170
46 15 1832 239 78 126 204 112 136 158 179 247 61 172 137 54 95 191 65 201 2 132 229 134 152 102 209 134 46 188 83 101 239
47 15 2342 184 183 129 116 206 163 226 47 229 246 148 60 219 122 208 61 216 195 249 237 250 226 190 74 24 136 212 47 238 184
48 15 2351 231 3 217 101 212 107 204 178 246 113 246 88 220 213 250 86 233 41 111 198 100 122 61 9 230 90 167 188 211 163
49 15 1892 110 105 232 44 210 105 241 94 233 129 32 217 231 46 101 152 204 23 234 194 185 17 120 136 24 46 89 144 120 98
50 15 2202 133 98 211 192 192 89 195 237 225 70 201 205 160 246 229 195 239 238 211 132 135 5 193 29 86 23 137 89 206 235
51 15 2176 186 227 250 216 215 217 229 249 190 242 186 216 168 62 142 103 211 192 64 121 95 213 160 210 226 248 197 11 202 141
52 15 1704 127 160 132 178 97 138 89 64 132 186 168 199 180 87 114 171 165 125 156 136 219 1 75 220 194 144 161 147 121 147
53 15 2120 244 38 132 114 177 21 218 132 18 4 102 181 162 62 233 65 239 173 191 149 162 241 247 167 250 42 202 183 74 200
54 15 2148 235 83 234 30 213 75 102 111 182 69 226 221 86 38 151 91 239 29 88 23 214 54 117 221 215 83 246 187 137 190
55 15 1956 200 38 104 122 130 181 215 141 178 134 205 121 227 221 223 143 60 18 226 7 145 62 120 66 111 131 102 234 200 222
56 15 2286 205 18 223 178 154 70 116 41 249 73 105 147 173 239 174 92 185 116 188 135 184 234 216 237 212 8 226 163 248 188
57 15 2150 226 122 190 115 98 157 197 57 122 152 217 63 223 224 242 67 94 99 192 232 207 79 250 168 247 53 81 82 102 165
58 15 2127 139 34 249 132 223 203 73 69 153 61 202 106 195 218 155 229 242 116 135 55 246 113 232 183 108 88 152 218 155 188
59 15 2155 231 128 227 22 66 159 244 221 34 30 206 7 180 131 204 118 239 158 147 92 233 163 154 240 69 201 235 49 225 27
60 15 1891 57 79 182 69 204 216 185 159 184 202 224 188 175 10 170 245 127 102 68 230 212 123 142 13 62 53 146 166 226 238
61 15 2457 145 219 100 91 226 225 236 11 181 80 173 113 215 3 167 205 184 144 248 240 231 179 245 75 242 150 235 124 244 35
62 15 2078 164 123 207 81 209 228 152 200 228 198 187 38 214 90 194 108 82 228 112 177 110 8 215 105 193 203 115 43 216 139
63 15 2133 89 239 207 150 87 230 186 32 182 224 237 88 249 62 129 239 221 62 183 224 212 13 209 3 132 27 157 50 187 168
64 15 1877 76 11 112 87 184 51 217 231 42 243 209 245 169 156 49 47 170 152 140 82 114 20 241 152 136 172 246 122 242 78
65 15 2252 110 96 235 106 160 217 189 205 165 114 207 4 186 203 216 76 235 145 155 183 237 185 222 239 189 230 147 203 163 11
66 15 2288 151 164 214 28 241 54 197 99 249 125 213 208 137 25 224 114 132 50 214 182 231 32 105 101 169 70 139 221 244 51
67 15 2197 151 91 171 212 158 30 239 180 172 28 248 206 120 182 175 218 177 170 117 104 195 206 227 43 223 162 164 127 210 202
68 15 2332 122 239 203 179 187 210 244 234 209 23 242 18 181 49 218 231 204 155 160 8 155 54 143 20 205 121 244 198 199 5
69 15 2464 226 21 218 169 236 106 217 113 191 122 151 195 189 205 179 84 110 117 179 115 217 200 243 205 227 118 248 154 249 177
70 15 2232 230 107 112 12 171 7 96 86 228 125 229 165 242 242 238 144 106 180 180 24 234 197 207 87 214 174 186 226 117 35
71 15 2022 196 181 248 81 198 154 123 156 148 65 35 140 196 146 236 76 135 49 185 175 48 178 178 40 188 25 165 122 249 99
72 15 2424 137 238 239 143 230 112 183 58 231 128 185 42 188 212 215 197 242 112 237 175 234 227 111 155 158 97 219 40 221 222
73 15 2163 79 168 171 211 171 170 130 143 190 229 200 219 201 181 219 90 208 175 242 34 204 118 226 135 56 37 162 185 245 144
74 15 2060 244 139 143 209 126 236 143 185 244 110 141 66 250 191 104 73 201 21 197 128 55 97 200 62 208 145 145 2 174 182
75 15 2149 223 82 153 123 240 199 206 240 92 73 186 81 134 76 247 22 239 122 223 23 179 218 105 133 151 239 91 46 218 161
76 15 2161 230 148 198 45 244 134 173 107 202 241 123 86 121 93 145 213 247 19 143 235 116 137 181 214 233 185 244 153 102 212
77 15 1850 33 146 239 121 229 70 113 9 231 104 79 168 166 233 90 60 148 112 136 229 194 149 132 161 159 186 204 204 160 159
78 15 1869 100 114 62 82 92 245 127 136 100 60 103 223 227 156 232 74 120 161 235 228 189 131 72 137 232 188 216 235 230 3
79 15 1848 145 72 220 56 71 75 180 209 144 233 40 166 225 11 94 50 96 44 197 143 150 60 204 11 206 116 118 16 221 187
80 15 2147 227 161 150 182 51 192 200 25 243 61 142 223 204 145 154 126 218 18 95 74 160 88 246 35 189 35 246 128 159 238
81 15 2040 111 230 245 80 127 244 116 125 193 85 238 121 162 29 140 173 164 28 246 110 236 134 146 84 175 101 88 8 163 7
82 15 1888 160 230 233 200 17 57 150 93 111 55 169 61 94 36 237 35 214 78 151 23 69 203 176 112 179 248 215 162 185 65
83 15 2184 157 116 235 97 232 234 130 113 177 157 203 138 95 188 220 31 109 37 175 137 227 9 184 38 239 195 159 6 188 119
84 15 2057 134 198 163 185 168 46 214 235 143 128 133 72 214 175 147 159 104 35 248 141 207 175 247 205 160 158 167 4 123 3
85 15 2083 94 90 194 61 217 155 230 153 178 247 184 129 213 50 175 89 175 56 223 236 125 73 86 77 203 216 108 128 199 161
86 15 1850 165 234 137 209 182 101 168 247 182 201 167 237 149 28 234 134 198 12 213 115 102 4 106 58 120 134 56 115 134 98
87 15 2181 196 92 214 22 164 188 212 146 41 177 249 103 184 64 195 84 205 64 245 127 192 130 77 120 218 216 213 232 122 31
88 15 2172 94 158 175 152 222 213 186 245 123 227 205 222 148 187 250 241 248 210 138 41 211 8 233 9 117 149 227 155 138 92
89 15 1839 214 60 80 193 207 87 69 215 115 200 219 175 205 126 128 125 219 229 146 219 240 197 39 127 133 60 128 37 157 145
90 15 1860 59 86 150 187 243 36 192 193 243 68 184 83 106 244 202 196 173 141 69 42 167 31 65 116 83 12 232 52 157 207
91 15 1935 187 18 150 32 89 192 22 181 225 12 26 55 246 78 199 193 224 198 234 27 197 231 146 14 206 85 102 156 166 74
92 15 1903 212 42 94 232 72 25 91 188 168 44 189 221 179 240 129 138 138 133 213 189 191 111 166 188 213 207 168 145 156 155
93 15 2065 155 157 54 77 177 222 238 104 149 52 51 115 157 118 178 78 244 139 228 13 143 234 234 230 163 82 191 162 220 62
94 15 1892 228 163 59 10 142 205 243 112 176 9 220 145 133 167 206 46 173 222 227 121 110 2 115 213 40 11 112 95 181 101
95 15 1935 163 129 110 80 170 14 105 146 209 230 234 73 184 64 165 42 157 84 89 119 178 114 241 174 161 223 60 132 193 105
96 15 2098 229 207 66 204 226 1 175 58 224 139 237 167 234 175 150 178 173 223 237 168 123 157 228 46 18 111 193 31 110 2
97 15 2380 195 220 172 58 241 72 198 19 243 235 55 219 197 247 241 101 189 208 214 64 236 238 162 127 201 207 206 230 225 23
98 15 2378 163 186 229 54 226 121 220 187 242 189 160 151 162 7 163 41 216 146 155 140 183 219 168 100 228 146 222 224 236 35
99 15 2016 103 206 136 78 165 227 76 28 203 176 151 163 181 114 205 221 203 60 142 146 246 231 172 78 227 164 83 33 228 49
100 15 1836 122 245 184 137 218 20 242 171 164 22 189 66 219 221 202 93 138 115 67 68 69 115 206 120 105 17 145 215 26 57
101 15 2068 161 171 218 221 196 133 103 142 238 76 242 201 115 109 161 167 105 147 195 67 151 111 250 156 243 14 106 171 101 74
102 15 2232 73 109 241 161 223 39 72 193 175 33 232 135 244 239 218 180 226 113 130 1 231 27 200 168 140 240 136 219 249 149
103 15 2119 226 16 202 94 248 111 107 143 228 179 145 41 180 207 126 142 189 80 143 244 184 75 69 173 186 210 196 161 220 238
104 15 2295 97 78 235 183 228 150 128 183 248 74 182 96 199 244 171 112 243 125 156 17 240 72 213 217 136 134 239 105 154 22
105 15 2139 196 5 125 71 220 64 205 233 217 22 171 219 225 69 135 75 77 241 196 59 238 231 206 217 68 173 232 139 163 166
106 15 2314 231 112 204 184 246 225 209 79 244 10 231 227 153 191 233 82 235 205 236 89 115 232 115 189 170 93 226 76 45 118
107 15 2338 240 162 172 243 178 22 93 129 167 83 246 65 242 175 216 244 188 64 185 27 241 148 250 32 132 160 227 218 146 15
108 15 2144 157 20 181 142 217 53 200 141 170 152 245 107 211 65 65 59 202 51 151 127 163 120 197 224 94 57 220 3 208 135
109 15 2052 191 76 232 211 241 187 213 60 218 2 105 138 175 177 133 227 108 157 178 138 52 169 194 126 184 78 94 29 248 53
110 15 1910 218 120 223 63 224 224 128 242 154 25 231 148 84 60 156 199 214 18 138 79 150 82 152 55 111 215 91 57 114 199
111 15 2078 76 166 119 192 243 6 147 225 188 164 198 229 142 124 210 85 213 33 223 61 179 98 219 208 91 198 147 198 203 154
112 15 2097 201 159 237 207 239 50 121 66 129 159 220 119 133 173 222 10 210 118 156 53 202 44 211 174 163 79 68 139 110 183
113 15 2090 211 240 115 237 247 235 168 64 177 175 246 141 129 248 19 136 164 88 188 61 244 52 225 82 141 129 201 177 138 7
114 15 2054 63 161 202 3 216 242 75 147 183 15 209 118 53 45 89 142 243 134 224 20 171 218 213 115 153 33 228 73 246 73
115 15 2000 215 195 51 231 245 183 157 50 237 54 128 192 176 39 127 50 231 11 216 226 144 54 138 219 149 7 217 103 70 90
116 15 1978 84 25 202 175 226 83 206 217 77 96 194 159 215 10 24 47 86 108 239 97 239 119 211 146 203 126 126 195 141 148
117 15 2112 183 4 138 234 88 180 231 106 243 146 105 14 138 65 72 144 203 183 197 13 237 99 112 171 218 103 244 107 232 245
118 15 2032 126 154 208 22 250 106 202 65 107 79 116 192 198 48 215 157 160 116 178 41 202 25 214 123 67 13 109 210 188 17
119 15 2023 243 144 184 75 124 21 143 134 188 102 240 115 236 38 129 195 77 62 190 2 110 120 194 111 186 181 136 118 149 24
120 15 2336 200 52 203 234 236 241 208 7 247 28 229 221 248 209 182 68 181 66 224 74 122 67 135 154 143 7 117 163 245 221
121 15 2094 70 14 194 222 120 222 126 62 239 188 146 240 206 218 185 150 222 120 172 108 149 62 155 191 199 7 196 183 239 31
122 15 2321 137 141 191 152 231 50 235 16 181 214 173 86 194 20 224 33 209 69 199 29 137 55 182 130 139 37 222 31 248 218
123 15 2127 132 203 189 124 206 80 232 56 72 134 190 26 187 10 167 28 245 9 90 119 216 49 69 234 203 191 247 147 214 82
124 15 2335 180 238 233 186 189 91 216 19 148 94 205 11 17 227 248 125 241 113 235 52 213 67 175 109 206 63 171 190 242 50
125 15 2140 192 85 207 210 36 215 65 186 245 69 118 161 137 16 230 240 239 96 230 32 208 66 206 135 220 180 201 192 141 36
126 15 2339 227 51 214 240 228 2 238 240 234 247 161 82 174 186 128 158 240 187 188 162 185 107 129 10 159 22 196 170 223 136
127 15 1959 156 14 127 164 52 16 155 26 238 132 70 176 198 164 149 128 225 163 180 210 166 218 217 217 119 41 217 88 180 138
128 15 1926 186 60 138 73 32 104 121 65 100 56 193 34 225 244 143 196 135 46 132 219 241 186 119 220 197 174 208 142 238 181
129 15 1933 143 53 130 73 180 178 203 154 147 228 241 242 108 36 81 119 192 111 219 19 85 163 191 197 206 32 66 96 225 105
130 15 2255 22 60 221 167 170 205 201 61 234 27 168 30 235 40 234 6 248 84 83 210 198 54 200 214 233 187 165 141 207 240
131 15 1935 143 240 204 98 237 93 180 137 239 20 156 180 106 145 98 171 225 32 114 7 211 78 127 53 109 133 99 104 171 130
132 15 2246 182 195 193 242 237 111 182 12 223 209 170 9 137 53 225 73 226 152 176 125 92 108 230 16 53 240 244 95 238 129
133 15 2140 178 182 165 168 114 213 161 38 173 248 234 232 204 211 126 237 223 130 173 91 233 4 141 140 228 192 202 92 120 220
134 15 1966 237 102 170 164 72 166 193 7 63 55 178 142 209 164 155 106 157 136 67 54 203 63 165 30 126 206 250 84 213 230
135 15 2092 203 195 243 99 46 157 226 106 131 98 191 152 36 230 220 178 160 194 246 101 249 68 221 181 232 166 48 20 164 48
136 15 2068 112 214 229 248 91 88 131 88 245 167 223 17 157 174 209 242 49 175 200 202 154 94 215 78 214 98 218 160 138 231
137 15 2072 243 57 131 199 120 11 141 88 138 105 98 80 179 162 236 1 175 7 176 5 220 4 228 165 52 226 230 83 223 78
138 15 1812 200 94 68 42 163 19 231 145 177 71 60 48 23 184 240 59 105 102 234 15 67 107 81 38 137 199 246 245 234 164
139 15 2095 173 154 103 64 248 193 157 50 147 208 158 112 195 198 125 159 173 44 221 160 226 142 240 7 235 168 126 159 92 115
140 15 2261 206 97 243 220 247 179 115 177 137 41 240 247 233 52 141 236 216 216 217 193 234 203 105 73 64 162 232 237 197 118
141 15 2187 206 87 235 80 199 41 159 119 133 121 142 201 191 114 196 118 87 14 170 44 214 151 234 202 243 210 139 66 186 16
142 15 2193 176 237 184 107 214 139 235 171 66 196 200 153 174 31 192 62 164 31 117 141 239 48 241 156 217 71 133 195 190 26
143 15 2136 125 224 175 164 230 218 202 145 237 156 174 62 230 17 174 82 96 14 137 191 159 112 170 53 64 157 249 211 248 240
144 15 2340 99 38 234 172 247 95 226 221 228 96 187 159 163 239 197 205 228 138 188 104 249 228 111 93 118 153 210 129 240 214
145 15 2400 106 132 194 89 250 175 226 2 189 86 214 247 245 113 250 92 248 42 187 118 126 42 189 93 184 79 206 3 187 23
146 15 1875 74 75 170 189 50 238 173 96 156 122 231 236 44 40 159 112 230 188 179 250 178 219 245 204 71 217 225 102 159 33
147 15 1801 154 21 112 35 111 140 192 183 96 194 86 186 67 81 96 148 211 111 133 169 125 243 240 82 206 42 223 202 200 95
148 15 2127 223 179 82 188 226 240 227 94 227 225 190 238 249 182 183 239 105 196 202 208 198 152 241 161 73 112 140 58 93 42
149 15 2104 173 132 171 64 179 78 227 12 214 25 237 171 111 161 233 116 107 207 118 114 87 16 235 229 111 77 214 3 214 22
150 15 2115 199 238 136 165 209 191 105 81 222 193 231 4 140 171 240 38 120 249 151 247 123 85 172 198 244 72 204 196 148 34
151 15 2077 223 14 74 181 126 37 245 101 85 201 248 163 221 154 158 56 187 21 93 229 177 105 248 209 187 48 229 135 96 206
152 15 2210 171 74 214 8 195 224 182 83 141 204 167 8 222 6 134 114 205 216 209 119 226 75 124 206 210 102 127 156 236 196
153 15 2175 165 142 141 185 220 230 112 104 222 155 208 14 244 229 170 198 187 95 215 46 193 171 219 175 120 125 100 106 203 20
154 15 1810 238 66 71 189 183 211 127 37 146 63 236 96 7 45 163 250 124 96 192 48 175 8 192 203 193 206 138 105 78 109
155 15 1885 226 174 113 94 237 234 113 239 69 89 59 242 60 95 122 147 146 38 231 242 134 51 232 140 245 128 249 129 121 100
156 15 2039 103 218 238 100 129 46 209 142 159 114 183 84 138 183 214 49 112 63 51 244 233 139 96 182 232 11 232 139 220 78
157 15 2043 121 75 250 50 213 157 205 223 130 163 246 26 147 81 213 156 229 36 135 77 145 104 120 1 3 69 213 179 184 150
158 15 2158 212 18 173 80 227 124 199 29 190 56 48 201 223 6 97 80 120 33 171 214 219 116 153 13 197 240 231 211 238 230
159 15 2516 209 81 195 145 208 131 226 32 186 214 250 98 156 199 215 247 238 145 221 53 186 213 175 112 207 187 250 3 223 181
160 15 1980 35 20 37 9 230 128 183 70 234 148 232 120 109 38 248 55 78 91 194 197 191 238 191 232 183 185 98 63 233 138
161 15 2084 122 142 121 96 182 92 122 109 108 46 209 167 239 126 156 216 182 141 247 238 240 186 56 245 173 193 207 169 242 229
162 15 2155 126 18 175 22 167 74 212 205 202 16 151 189 185 119 197 67 213 183 189 111 228 248 208 167 210 228 173 74 58 211
163 15 2199 234 104 130 191 153 189 250 171 195 94 231 8 231 84 231 127 150 169 132 97 75 82 132 14 172 48 196 187 237 213
164 15 2092 169 149 72 106 165 184 236 236 122 93 246 225 70 221 94 96 187 91 215 38 204 136 208 132 232 85 212 216 183 107
165 15 2094 182 240 75 137 213 221 122 81 241 161 214 109 195 213 244 23 129 153 215 233 205 234 217 95 235 69 73 245 58 176
166 15 1808 245 166 202 14 174 151 203 212 71 54 82 21 174 143 74 9 30 205 72 238 235 78 188 149 228 107 179 93 104 223
167 15 2300 243 95 229 16 121 2 241 153 177 212 250 149 220 227 209 209 231 213 34 57 230 57 227 135 241 135 38 233 185 201
168 15 2111 129 207 189 144 220 13 152 248 218 197 183 78 222 25 230 97 129 126 235 12 115 5 208 150 178 78 125 238 106 170
169 15 1830 157 241 150 94 221 241 22 242 250 227 178 233 122 114 208 178 105 169 200 157 147 105 237 74 93 122 49 208 149 130
170 15 2164 183 199 149 48 231 169 151 123 234 42 219 166 218 155 216 183 127 76 145 246 250 47 127 59 123 16 188 37 145 233
171 15 1878 140 184 140 7 178 205 163 17 107 152 145 165 185 16 218 120 170 78 127 8 105 30 186 173 152 95 178 49 154 121
172 15 1848 96 150 198 226 140 50 90 96 186 80 172 178 159 167 171 22 248 148 151 64 148 36 90 155 38 19 250 140 174 248
173 15 2087 151 100 90 35 72 42 228 49 207 167 237 248 250 187 154 32 241 84 174 62 207 72 68 249 114 12 220 235 196 29
174 15 2040 195 94 188 44 215 88 189 195 227 90 212 51 194 157 59 53 144 187 105 140 194 122 155 104 157 248 131 194 185 200
175 15 2496 234 178 236 212 234 226 143 106 222 248 160 145 185 28 221 58 212 66 231 219 222 133 195 121 218 145 212 240 196 61
176 15 2012 52 50 221 4 162 19 213 108 169 65 178 91 243 184 178 221 117 181 239 154 138 127 174 130 88 89 143 35 200 127
177 15 2324 107 16 229 246 248 4 202 60 226 50 147 150 182 169 198 173 96 116 121 77 204 153 235 185 223 71 244 71 243 23
178 15 2096 171 239 207 157 160 132 243 72 230 170 22 31 231 13 158 157 210 70 96 142 188 237 51 151 221 149 192 39 241 250
179 15 2328 173 3 245 129 197 168 149 39 143 95 169 12 194 180 216 180 226 37 150 154 185 242 238 30 248 47 214 177 163 235
180 15 1899 113 225 79 39 248 187 118 36 157 17 124 114 184 58 85 212 215 128 200 20 163 81 202 167 242 135 137 192 107 190
181 15 1861 168 132 128 6 249 227 38 191 89 162 118 3 39 164 244 88 222 239 189 167 185 192 177 85 183 210 181 162 117 56
182 15 1938 116 69 112 103 103 204 132 237 207 199 245 204 246 104 140 188 187 160 164 246 177 71 172 44 43 12 239 162 140 70
183 15 2424 235 36 199 181 245 242 152 242 206 245 241 121 241 57 228 210 245 215 188 36 197 150 101 212 243 170 133 99 177 127
184 15 2100 204 22 239 242 160 90 230 53 195 182 235 44 237 129 144 163 37 75 125 233 171 48 245 108 125 85 45 245 233 71
185 15 1995 147 159 245 25 164 209 236 19 165 176 71 154 160 122 175 158 247 205 156 102 35 113 79 231 166 187 244 214 204 234
186 15 1939 136 126 71 125 220 249 198 27 182 148 179 39 12 246 239 220 36 39 228 43 220 76 146 80 168 135 212 39 177 96
187 15 2297 233 75 115 57 171 50 225 37 171 92 211 111 246 227 175 91 229 82 215 102 230 21 138 112 227 96 117 160 169 177
188 15 1968 242 200 16 237 226 58 199 208 160 91 141 29 242 14 172 18 99 154 114 157 243 74 175 27 147 124 224 157 61 198
189 15 2204 233 9 248 192 175 87 203 181 189 24 138 169 218 157 229 40 145 197 154 130 139 195 209 143 141 72 186 18 149 20
190 15 2252 174 8 192 187 244 220 119 151 150 77 113 225 161 110 232 3 233 240 220 48 218 105 106 200 240 26 238 13 176 83
191 15 1996 47 80 149 172 164 151 125 225 116 227 190 40 161 41 239 222 247 215 211 214 140 14 208 72 80 6 247 11 172 73
192 15 2124 224 147 147 16 168 33 124 111 233 150 168 167 205 180 242 154 246 48 137 169 113 184 219 199 190 4 135 58 105 180
193 15 1991 171 50 174 58 215 164 74 236 150 173 216 42 215 60 157 215 245 184 51 143 214 95 149 35 234 47 122 200 102 70
194 15 2401 173 35 233 170 242 115 120 87 242 240 244 91 216 116 96 242 185 68 229 229 210 115 233 187 173 89 248 115 158 242
195 15 2085 89 171 214 6 149 97 182 12 219 227 238 42 184 163 198 84 249 42 148 69 167 33 209 148 111 5 177 223 73 1
196 15 2063 157 141 206 43 202 220 207 133 212 39 37 207 236 55 114 239 96 141 188 9 230 12 145 206 244 169 56 41 249 130
197 15 2112 155 236 192 79 194 156 228 181 181 67 172 140 228 54 137 96 93 40 190 5 166 226 239 63 146 215 146 9 174 142
198 15 2260 126 110 175 155 142 192 210 72 246 110 210 151 221 44 223 20 247 210 113 220 136 229 174 211 207 138 165 2 230 159
199 15 1967 105 154 224 102 189 223 201 216 189 155 193 61 233 161 84 180 136 82 131 151 72 12 112 140 226 14 151 137 213 247
200 15 2063 245 99 26 4 218 101 117 143 173 203 226 244 224 41 198 134 149 179 236 64 108 145 244 100 187 160 151 155 77 94
201 15 1834 204 116 244 211 47 124 72 245 158 4 121 28 155 95 175 17 148 24 224 9 219 171 206 226 11 236 100 154 209 214
202 15 1745 141 223 81 140 201 23 28 239 189 122 243 159 215 151 148 92 244 66 55 114 137 87 174 36 90 83 39 58 197 114
203 15 2161 141 249 222 157 234 69 160 185 143 15 209 6 70 160 59 174 143 45 243 243 249 117 184 183 193 197 202 188 250 11
204 15 1884 247 114 126 59 188 42 110 37 118 103 179 204 63 121 98 166 141 6 250 77 193 244 170 176 152 62 83 208 238 13
205 15 2146 188 26 240 157 208 187 220 133 141 207 134 12 96 91 218 19 160 214 239 82 189 60 96 225 133 100 229 85 192 84
206 15 2160 213 45 179 227 169 13 214 219 206 194 243 151 84 30 157 164 108 129 190 71 217 105 211 185 160 160 144 89 205 178
207 15 2225 202 114 191 145 232 3 197 54 210 175 227 104 117 81 205 201 147 69 212 82 201 222 185 20 162 16 101 159 193 179
208 15 1700 142 33 201 129 113 131 166 211 163 87 112 194 136 130 93 37 209 249 132 131 110 60 70 155 194 110 67 123 217 208
209 15 2118 209 94 128 29 227 222 119 11 246 250 230 6 239 100 137 93 160 112 107 55 241 247 218 80 91 23 90 24 206 196
210 15 2124 201 169 232 159 180 170 244 199 234 112 225 33 120 195 118 175 244 239 246 170 143 205 115 193 118 135 101 41 134 153
211 15 2382 206 143 216 57 233 29 201 33 227 55 227 24 148 30 186 168 185 51 131 221 137 194 234 122 231 170 239 149 177 238
212 15 2201 84 85 162 58 191 224 82 131 207 8 113 207 225 192 168 61 227 101 247 15 170 26 203 83 240 158 214 176 219 201
213 15 2028 187 36 153 212 211 138 152 24 186 241 111 151 249 148 83 200 99 70 179 145 215 217 250 214 186 108 134 208 140 49
214 15 2180 200 200 66 53 196 74 208 140 245 211 210 224 219 40 247 92 212 83 171 125 203 186 109 6 200 233 130 151 110 194
215 15 2135 183 156 241 37 223 210 220 137 185 159 230 152 214 54 156 66 146 115 113 82 209 125 138 12 98 195 67 11 246 76
216 15 2275 225 95 196 207 242 106 229 246 234 158 237 106 217 100 75 17 55 121 108 129 183 218 244 118 175 125 203 211 221 120
217 15 2246 82 209 245 247 195 197 151 37 144 84 172 216 222 92 134 88 236 106 211 139 208 233 215 167 112 133 249 125 232 91
218 15 2392 158 88 217 181 246 109 130 121 142 228 91 56 223 220 180 82 202 9 243 151 233 56 222 37 241 228 219 215 243 138
219 15 2046 182 47 238 105 195 96 207 200 143 108 248 39 181 53 154 167 152 33 85 215 53 195 219 237 201 52 78 150 222 113
220 15 1867 124 26 98 177 228 211 222 170 169 147 93 70 216 108 142 68 57 169 234 61 146 89 119 100 155 15 127 74 204 109
221 15 2175 194 156 240 14 210 174 139 136 58 99 90 172 199 90 240 205 189 182 208 160 205 210 177 109 81 73 244 49 245 15
222 15 2079 85 69 211 88 122 212 140 73 211 103 229 37 169 143 150 126 92 121 225 182 182 225 230 194 215 17 175 240 163 241
223 15 1959 174 11 200 94 175 112 169 65 177 61 136 152 61 151 193 116 29 112 117 199 211 104 230 9 124 243 235 35 218 26
224 15 1903 168 25 120 84 167 28 109 225 126 135 171 234 170 150 197 47 234 99 177 177 239 25 128 199 127 42 192 200 54 154
225 15 2036 201 136 92 130 206 160 184 115 177 154 90 7 222 150 164 209 197 222 207 148 202 32 108 125 113 162 140 61 242 163
226 15 2181 151 93 147 106 142 240 210 68 249 4 137 183 234 62 214 157 195 8 175 68 179 206 169 240 176 110 235 67 114 93
227 15 2177 226 4 233 85 248 172 72 34 225 69 96 248 208 12 217 145 178 222 241 164 129 90 164 51 224 242 114 224 147 170
228 15 2243 220 176 146 118 133 48 181 186 237 99 228 120 133 35 207 50 224 93 145 141 110 222 249 102 207 145 196 211 188 103
229 15 2222 223 136 152 137 141 48 201 70 163 200 134 56 234 22 171 164 64 28 235 236 155 178 190 120 237 192 245 208 233 17
230 15 2199 105 155 230 34 160 148 77 149 91 156 193 82 199 103 228 103 250 87 238 139 186 53 159 209 157 86 231 160 245 146
231 15 2092 209 116 238 3 59 67 68 91 185 197 166 168 145 182 210 168 151 196 144 109 206 104 239 166 150 169 206 172 239 225
232 15 1907 132 106 180 91 167 16 172 120 15 100 198 10 124 103 183 31 232 67 153 244 74 199 219 185 166 10 159 35 210 246
233 15 2042 94 114 218 32 110 249 215 181 143 20 236 129 200 246 192 116 218 213 84 15 179 206 125 13 218 159 199 77 122 56
234 15 2239 147 45 203 85 53 70 193 172 206 46 244 73 144 243 206 156 159 171 233 112 177 146 208 31 201 105 237 96 188 235
235 15 2287 239 21 235 88 248 184 70 103 173 175 40 190 228 180 210 90 195 173 237 42 231 149 247 138 169 132 170 117 167 199
236 15 2356 199 175 224 132 34 70 248 210 221 142 178 40 129 117 244 40 233 249 139 187 222 9 239 31 177 224 242 138 216 212
237 15 2272 206 250 159 110 189 227 231 64 116 108 215 205 101 224 133 29 247 74 207 81 186 154 186 229 235 79 242 132 187 38
238 15 2252 131 175 236 179 209 250 128 60 211 106 220 173 236 19 165 21 232 133 213 119 210 210 102 198 224 138 93 112 206 157
239 15 2085 103 168 168 104 175 249 93 78 139 30 238 88 238 103 104 158 238 74 157 237 198 200 142 184 217 221 243 141 154 170
240 15 2204 173 90 130 190 230 34 223 238 235 147 224 188 156 217 205 91 191 38 239 23 161 96 216 107 89 62 70 165 213 111
241 15 1954 248 60 167 56 89 92 205 134 65 198 189 18 155 12 211 40 75 46 155 239 234 219 149 210 48 128 218 73 235 127
242 15 1709 248 225 209 226 110 65 166 109 108 223 138 181 192 124 88 186 29 100 190 249 32 5 110 103 159 193 128 219 230 186
243 15 2074 134 66 178 159 183 152 143 198 215 160 176 128 171 113 240 148 183 115 101 94 220 180 188 111 130 86 207 90 124 194
244 15 2052 227 198 155 127 228 61 104 231 120 245 238 73 239 40 249 147 169 127 184 18 167 94 93 50 166 219 153 152 73 128
245 15 2099 243 6 163 65 100 171 196 71 242 120 219 204 135 121 182 35 112 26 142 15 184 51 189 63 243 39 124 173 150 135
246 15 2052 77 99 75 219 225 154 197 131 239 153 179 193 139 93 226 64 215 129 191 194 204 119 86 117 185 56 92 224 235 231
247 15 1944 230 37 116 156 234 7 177 165 124 168 229 193 73 65 231 115 136 95 224 108 179 91 157 32 103 133 84 48 133 130
248 15 2172 129 150 230 43 248 57 236 110 108 195 202 224 224 36 46 149 167 125 109 109 192 104 234 46 123 29 247 78 220 134
249 15 1966 173 113 227 92 119 113 186 171 131 209 237 37 105 116 219 163 203 197 113 216 203 63 121 116 227 171 50 47 144 32
250 15 1933 204 115 241 239 89 134 179 79 134 93 209 187 167 116 188 236 134 76 190 119 63 225 237 33 63 171 250 67 69 199
