1 15 1499 36 53 180 231 64 224 86 116 48 71 194 64 62 269 239 159 78 190 21 294 242 195 152 247 151 221 104 140 217 196
2 15 1458 119 107 148 99 87 294 47 69 84 19 190 235 67 253 29 86 95 123 247 70 23 235 224 159 156 200 111 254 196 209
3 15 1181 13 270 104 240 19 43 178 85 3 173 97 1 26 243 92 114 244 167 106 155 194 88 31 72 142 173 213 248 15 234
4 15 1627 42 247 178 172 88 143 219 226 158 72 201 108 173 48 213 15 202 76 33 66 212 161 50 198 128 131 95 282 42 9
5 15 1374 43 207 168 171 208 292 28 106 19 106 220 147 205 182 85 61 73 232 138 224 218 249 33 30 232 192 42 259 6 174
6 15 1452 238 122 225 1 20 159 188 59 247 30 14 160 83 241 79 29 214 194 126 23 44 93 46 55 1 114 242 75 49 6
7 15 1548 66 214 134 262 74 120 131 78 206 183 124 191 171 52 23 284 137 158 94 216 176 261 243 227 206 120 143 250 8 8
8 15 1590 102 234 185 272 47 217 145 225 9 126 216 152 93 228 204 83 136 1 209 278 245 177 130 80 169 2 85 273 13 2
9 15 1491 235 273 177 129 62 106 205 283 199 198 5 207 137 201 160 268 128 184 99 32 29 99 38 275 1 155 147 204 242 231
10 15 1648 12 47 246 47 116 20 228 249 216 120 89 198 226 183 193 18 72 43 161 157 45 195 189 44 84 31 65 79 118 267
11 15 1575 242 125 174 124 178 117 15 161 209 290 142 105 79 4 205 54 87 81 20 112 215 69 64 54 242 131 90 152 7 80
12 15 1650 168 141 220 175 154 164 218 66 28 163 244 271 46 192 125 19 145 251 150 163 90 117 12 161 101 197 240 164 122 71
13 15 1660 244 222 54 104 48 94 49 190 146 159 164 252 109 118 139 214 102 176 221 77 209 196 211 139 162 293 73 191 145 152
14 15 1417 73 293 77 119 15 148 106 162 82 248 112 38 173 177 234 66 193 169 53 103 36 288 85 275 211 230 158 180 164 217
15 15 1701 224 269 17 276 91 187 19 235 163 238 138 179 148 211 138 9 103 114 247 250 76 64 224 158 151 18 232 274 156 159
16 15 1939 105 82 211 148 101 278 49 196 26 42 250 214 37 217 250 280 161 224 155 37 167 14 249 265 231 168 207 137 225 228
17 15 1995 199 16 169 104 248 76 224 206 103 95 215 56 63 16 172 81 18 254 213 260 178 211 212 274 56 230 205 23 219 103
18 15 1907 249 120 170 278 38 136 121 36 225 77 213 162 200 166 52 295 186 41 217 158 143 149 244 265 16 154 124 100 186 142
19 15 1485 118 272 124 236 239 78 13 144 16 151 3 123 28 231 33 204 165 1 175 12 106 270 242 284 175 279 242 205 178 7
20 15 1519 13 267 34 210 175 232 88 254 75 129 231 191 120 228 87 155 244 17 135 228 128 249 148 264 100 293 155 218 166 284
21 15 1494 109 280 182 175 170 53 54 204 34 227 227 84 103 206 76 182 101 101 86 80 52 194 160 248 212 7 146 258 156 96
22 15 1477 172 265 200 77 121 36 82 127 80 147 242 113 32 205 103 42 157 132 19 50 74 98 246 73 33 47 180 174 106 158
23 15 1596 80 112 229 166 244 83 67 96 130 42 79 260 244 285 57 250 24 123 200 91 96 124 115 56 46 50 179 163 206 218
24 15 1383 184 55 30 34 70 149 4 204 195 253 59 18 123 183 50 265 201 178 129 159 119 94 216 239 154 146 147 285 48 94
25 15 1472 103 259 169 146 61 62 211 26 123 210 179 11 37 176 178 203 32 208 139 239 74 25 89 5 202 296 84 77 159 35
26 15 1679 231 255 65 52 102 167 17 222 97 71 144 45 85 119 245 286 169 168 131 294 211 18 166 94 212 129 174 84 50 50
27 15 1562 131 254 3 193 127 250 241 110 29 259 187 16 4 115 55 142 235 125 174 160 167 27 56 7 164 182 239 44 141 114
28 15 1164 40 152 208 200 109 33 33 40 114 34 39 238 67 261 11 242 135 157 98 177 109 121 77 262 97 50 222 3 96 202
29 15 1368 122 267 119 50 3 271 3 157 62 160 109 92 49 270 69 90 171 156 4 103 208 267 199 15 131 50 235 227 227 185
30 15 1636 179 178 224 13 83 37 23 235 93 90 73 103 51 168 222 144 201 263 17 213 234 181 185 271 214 227 154 274 92 214
31 15 1528 170 56 135 76 151 162 74 148 154 222 48 85 158 281 21 245 92 82 189 197 168 117 181 154 85 167 106 139 178 109
32 15 1830 249 178 246 20 127 271 108 91 114 207 139 114 230 146 135 177 1 10 112 244 215 165 83 71 93 271 222 37 214 198
33 15 1348 157 119 10 102 198 125 111 290 212 97 219 138 31 181 162 289 31 181 12 51 38 1 132 272 156 5 6 282 211 220
34 15 1537 21 125 18 144 50 273 235 255 208 19 101 230 116 144 99 14 240 293 109 50 231 212 31 248 201 66 139 300 123 21
35 15 1661 177 138 214 111 88 196 110 76 134 136 103 145 250 255 72 127 193 66 74 131 76 147 240 294 148 219 78 245 120 125
36 15 1286 9 279 149 127 202 130 46 167 192 218 39 260 149 58 103 16 77 277 112 208 64 29 122 293 141 10 175 1 28 37
37 15 1284 46 182 37 236 131 245 193 149 56 50 244 263 24 199 31 277 18 151 238 165 127 92 192 113 222 147 21 7 25 99
38 15 1375 243 176 176 12 106 255 15 96 122 226 204 126 225 193 157 123 26 229 3 200 19 223 123 106 209 153 45 272 46 35
39 15 1462 181 119 216 222 6 213 119 268 202 269 77 28 200 74 207 106 36 190 112 177 156 13 31 241 24 54 101 11 160 101
40 15 1366 9 255 205 112 116 38 188 279 153 44 41 125 127 32 27 165 81 228 171 236 100 204 23 283 212 160 201 285 54 5
41 15 1535 121 265 193 270 40 266 221 131 177 261 75 144 46 28 182 221 247 224 132 130 189 34 217 19 27 175 5 152 47 127
42 15 1655 184 11 47 280 245 92 79 189 133 144 87 286 209 284 65 255 124 293 76 83 187 52 99 146 193 87 248 294 93 13
43 15 1584 97 173 187 118 17 299 96 165 158 235 231 246 248 170 196 136 177 77 172 187 203 71 23 193 73 35 98 187 5 28
44 15 1433 116 172 122 151 70 207 38 185 27 58 113 33 148 117 186 251 239 143 187 16 156 161 120 277 192 30 72 108 6 126
45 15 1220 123 230 30 93 10 196 93 276 220 19 95 1 28 206 134 102 85 24 68 202 166 68 100 246 144 109 162 138 67 55
46 15 1185 55 220 27 65 160 61 34 83 193 256 78 231 168 14 223 11 3 7 128 67 122 82 28 250 38 25 114 189 111 6
47 15 1224 107 293 146 40 109 85 179 220 112 55 24 111 49 286 114 278 135 185 29 164 147 111 16 121 125 136 86 26 152 216
48 15 1919 228 295 122 261 129 178 196 39 168 196 179 9 220 67 178 282 40 197 246 47 13 174 237 9 199 129 53 280 191 225
49 15 1216 121 283 25 121 212 120 73 215 107 181 78 38 192 116 153 25 52 57 17 123 242 228 162 30 2 8 1 117 83 206
50 15 1230 151 66 82 292 85 8 50 60 57 110 98 152 15 210 34 122 179 180 137 21 242 223 240 49 26 98 72 268 70 208
51 15 1596 217 97 101 290 168 26 207 48 22 164 99 34 194 102 202 104 3 104 172 256 207 17 166 60 74 73 84 258 79 98
52 15 1908 240 18 56 54 170 172 125 120 216 211 62 253 179 156 178 258 237 104 214 293 23 300 201 153 216 26 222 268 46 174
53 15 1528 223 192 150 168 183 43 128 265 110 126 148 292 128 122 126 62 30 116 23 250 203 51 159 76 32 135 27 46 240 229
54 15 1583 183 134 213 64 152 274 80 105 115 168 5 235 85 91 75 183 183 256 239 109 235 218 134 98 45 154 58 285 177 84
55 15 1645 81 210 61 146 61 61 86 251 228 2 248 96 214 86 191 253 182 300 184 119 43 5 70 125 199 223 10 289 199 201
56 15 1717 220 64 246 286 186 236 117 69 10 287 242 92 113 223 80 160 105 280 157 205 215 257 112 4 215 142 119 85 10 211
57 15 1444 191 94 61 16 39 83 99 10 239 247 159 133 164 1 207 196 115 281 90 1 113 210 27 166 80 290 138 113 84 235
58 15 1468 143 126 74 95 12 35 232 241 139 122 201 285 108 216 39 167 156 263 118 129 210 285 147 214 183 264 30 49 43 145
59 15 1525 172 164 59 236 1 115 38 140 131 219 165 213 148 2 18 98 128 226 105 69 236 293 222 202 120 168 239 245 125 145
60 15 1629 129 118 140 287 36 27 153 63 203 169 70 146 214 65 173 165 186 297 61 218 245 1 106 97 193 76 94 44 34 14
61 15 1689 118 43 84 143 94 9 233 279 31 70 208 292 124 167 147 195 171 220 136 4 123 114 116 258 204 261 106 273 217 103
62 15 1923 197 218 217 74 226 252 203 138 212 69 224 183 245 172 101 241 41 47 172 199 17 278 184 229 231 298 73 31 61 237
63 15 1474 141 158 140 255 150 173 78 299 8 70 70 198 250 300 18 300 194 209 33 134 180 143 144 250 145 234 72 158 220 270
64 15 1672 177 163 147 142 196 164 180 130 18 279 88 117 121 203 89 159 175 207 123 262 196 237 195 96 241 131 29 127 115 8
65 15 1620 98 172 214 32 154 88 197 104 214 45 79 79 23 107 201 230 18 272 121 62 187 216 76 7 176 102 210 117 58 298
66 15 1820 179 103 117 28 230 27 59 58 235 206 78 288 250 2 77 54 169 142 163 95 116 156 105 232 181 35 175 238 141 112
67 15 1445 40 90 24 219 164 128 243 270 14 45 207 64 90 89 172 273 37 109 157 280 125 30 75 10 203 166 133 233 123 21
68 15 1184 47 148 156 56 85 21 96 109 152 279 126 128 70 8 103 234 42 107 29 32 103 32 9 267 156 121 171 193 136 10
69 15 1403 106 205 191 177 39 16 138 160 33 2 143 48 185 78 72 71 142 291 47 229 67 124 52 27 173 219 197 208 169 210
70 15 1156 5 186 41 54 141 77 94 243 152 223 23 292 127 63 179 99 90 255 25 191 45 243 29 67 156 194 95 254 244 63
71 15 1506 76 47 239 129 206 63 60 216 152 88 208 264 235 243 179 159 93 129 1 246 41 232 240 64 68 71 38 96 47 3
72 15 1415 62 41 66 22 209 9 102 19 11 276 142 202 194 264 105 274 64 66 178 108 152 12 11 198 214 153 63 263 196 176
73 15 1594 238 188 108 91 89 260 233 62 103 268 121 48 207 149 22 188 93 259 119 262 219 194 131 95 161 60 26 268 123 100
74 15 1255 30 229 49 47 130 10 168 214 49 279 82 38 189 104 101 218 47 211 6 23 238 158 235 207 37 14 100 281 108 162
75 15 1444 36 271 98 296 125 275 162 25 244 124 109 6 98 147 222 225 68 93 163 221 139 36 97 279 84 284 71 287 89 133
76 15 1768 186 299 208 130 177 202 220 24 1 47 241 56 118 153 70 149 181 297 76 62 246 154 169 221 191 66 77 41 49 212
77 15 1492 49 194 171 178 102 272 147 98 220 220 130 259 44 37 79 15 119 13 246 12 33 281 72 91 223 70 12 95 219 197
78 15 1537 166 252 72 179 148 77 163 71 193 272 171 252 108 152 65 172 48 179 103 192 160 36 172 232 106 132 49 131 198 65
79 15 1811 35 92 180 205 53 214 134 145 34 260 196 134 150 44 182 197 236 199 132 14 141 186 119 10 215 187 234 210 223 199
80 15 1707 219 188 241 51 187 166 238 157 86 2 188 37 113 165 143 22 68 130 221 108 135 257 45 258 160 107 63 69 27 127
81 15 1477 15 195 127 286 41 107 133 296 210 38 40 83 88 94 118 18 98 88 206 39 243 22 136 165 119 264 73 33 200 246
82 15 1164 1 259 106 129 126 67 24 171 174 46 197 238 142 156 101 215 48 13 108 63 93 241 135 233 82 258 10 13 108 29
83 15 1635 108 20 191 245 218 188 162 44 7 113 212 221 236 16 203 27 15 299 61 208 212 53 195 149 79 72 64 6 81 79
84 15 1752 85 284 177 35 151 76 60 171 88 12 179 152 211 278 74 226 131 86 232 102 193 242 111 258 194 132 199 40 106 257
85 15 1498 72 41 111 108 54 163 21 253 130 3 214 47 180 243 192 41 180 258 106 119 26 41 98 7 204 162 159 183 126 190
86 15 1479 118 111 18 111 232 281 92 138 93 226 52 150 235 222 7 1 161 108 148 142 233 154 148 218 27 230 185 112 100 48
87 15 1869 167 25 183 20 78 40 146 169 219 83 190 237 135 276 153 38 163 242 30 108 220 83 234 300 134 279 72 275 213 91
88 15 1545 78 87 228 153 209 212 224 189 206 9 60 90 139 153 39 35 84 202 68 12 59 288 159 179 234 204 63 198 82 50
89 15 1672 162 215 48 282 210 4 209 123 210 297 243 50 103 123 39 5 99 16 206 226 153 62 225 128 7 195 141 234 36 194
90 15 1672 244 70 190 91 112 191 160 244 119 209 39 173 70 115 175 56 216 234 131 155 95 170 244 200 43 30 223 222 29 3
91 15 1391 211 151 249 118 56 211 63 272 94 75 54 120 69 251 152 68 65 201 138 170 86 225 142 103 155 118 90 96 115 36
92 15 1596 13 269 98 49 205 192 15 46 161 290 58 15 92 110 215 259 124 198 197 202 66 126 202 118 244 14 175 142 131 270
93 15 1510 189 171 103 159 81 33 168 250 164 115 57 56 234 112 109 127 37 194 91 106 146 29 248 216 3 8 222 197 36 226
94 15 1660 241 10 122 41 152 180 172 108 59 205 13 108 244 285 69 203 106 246 72 188 169 36 248 27 115 215 150 220 144 214
95 15 1403 118 268 48 11 155 65 183 111 214 203 85 171 220 250 2 198 129 86 100 296 239 139 27 93 91 5 78 223 65 180
96 15 1739 230 298 161 24 102 17 123 206 165 184 227 190 216 58 220 239 119 153 195 38 11 40 5 149 248 183 38 213 114 64
97 15 1496 142 265 154 73 114 68 57 254 44 127 187 18 142 84 75 171 165 148 43 146 241 205 120 289 46 142 98 53 242 282
98 15 1422 224 15 65 297 217 260 222 213 45 54 56 194 204 96 149 69 4 140 239 10 17 62 112 282 50 154 46 80 128 84
99 15 1070 140 238 61 50 129 238 137 22 135 40 181 218 33 273 63 266 64 180 95 276 139 197 7 4 15 216 13 31 126 254
100 15 1317 243 218 225 182 175 15 33 198 173 137 21 106 34 163 1 12 215 167 4 226 9 213 198 143 160 288 144 23 12 10
101 15 1794 80 43 137 284 73 98 236 243 124 128 112 210 167 208 244 269 222 3 218 214 132 299 101 143 83 44 227 43 87 78
102 15 1841 239 177 178 25 64 275 5 154 174 139 130 149 201 8 96 296 193 265 198 190 218 206 243 44 178 130 146 20 39 118
103 15 1325 46 132 175 277 107 14 79 11 128 102 69 229 103 177 237 81 168 119 15 150 97 288 59 111 221 172 40 287 113 120
104 15 1472 116 126 203 47 48 20 231 131 65 169 161 62 170 184 174 67 163 20 119 150 24 65 29 59 159 277 155 215 23 83
105 15 1205 61 102 163 246 135 5 169 178 138 33 159 127 129 53 55 294 34 132 23 109 62 89 179 129 172 175 7 71 21 168
106 15 1511 211 98 237 9 18 159 41 175 149 287 228 144 200 203 29 103 113 288 225 266 42 265 27 93 139 289 116 210 114 269
107 15 1724 189 295 209 32 41 222 240 212 161 221 179 18 107 166 8 48 124 179 179 193 160 203 232 298 119 12 135 222 73 84
108 15 1572 4 32 203 19 62 8 129 208 48 93 150 212 118 228 121 261 89 20 209 283 4 172 227 280 242 158 248 287 112 72
109 15 1614 210 56 148 123 11 111 117 103 117 76 222 211 242 34 119 205 239 109 47 5 158 108 145 72 42 158 195 119 6 244
110 15 1450 143 197 192 5 108 3 183 205 106 286 174 209 67 290 50 279 119 256 85 115 132 122 170 274 28 225 52 233 204 199
111 15 1688 218 231 4 268 223 59 202 202 224 262 10 64 179 281 85 53 137 24 69 146 213 95 179 76 75 183 185 52 108 275
112 15 1416 242 133 126 80 177 83 19 82 108 267 210 286 108 130 26 188 179 204 12 284 190 78 139 209 185 1 25 121 24 133
113 15 1218 137 37 197 278 46 212 79 122 48 37 155 267 97 209 44 254 44 285 128 240 75 228 92 207 116 143 207 275 58 171
114 15 1123 154 145 94 280 4 65 130 264 83 224 17 289 87 211 75 164 90 119 24 269 62 115 215 99 122 212 18 112 229 258
115 15 1277 203 280 80 211 117 22 237 72 7 214 8 39 154 74 51 124 8 187 201 54 129 234 117 286 155 149 84 19 46 109
116 15 1512 101 28 235 168 30 295 247 122 11 199 138 79 40 234 48 54 99 230 103 112 191 53 149 170 151 100 228 273 120 135
117 15 1245 19 34 219 99 249 250 16 300 86 174 132 58 77 9 14 259 250 9 26 171 236 221 110 272 27 118 92 22 4 224
118 15 1484 166 203 65 27 82 104 98 202 231 19 199 289 169 104 210 139 143 78 93 118 103 258 36 89 76 222 30 90 154 170
119 15 1889 171 257 33 262 238 115 243 270 121 99 80 16 139 218 215 3 202 298 250 269 178 133 13 30 210 13 234 7 35 163
120 15 1132 27 75 80 57 157 93 85 1 96 201 22 154 222 244 30 218 202 203 24 153 59 190 131 5 83 47 105 73 93 198
121 15 1514 110 5 194 30 210 285 60 239 63 141 185 157 103 7 66 113 189 147 190 178 184 177 138 171 73 272 119 276 9 162
122 15 1298 42 159 205 221 165 252 7 117 162 18 125 168 231 184 160 199 172 118 182 106 64 148 35 145 13 193 38 117 22 79
123 15 1454 189 201 40 251 217 285 51 137 72 48 92 293 130 80 6 15 247 26 170 30 239 74 78 151 39 245 112 14 136 85
124 15 1307 38 187 158 37 179 296 14 73 75 233 2 12 54 50 39 235 172 84 137 128 230 56 111 64 11 114 223 290 191 147
125 15 1194 130 250 16 97 144 287 201 121 2 31 215 17 34 186 160 158 20 275 52 85 134 55 152 123 72 250 132 187 29 266
126 15 1106 55 52 108 160 93 55 107 269 97 232 62 265 59 213 204 238 188 147 83 122 9 287 84 4 61 220 44 219 129 126
127 15 1916 206 170 163 271 199 56 148 174 14 103 169 263 144 208 229 179 246 30 152 177 90 72 219 81 122 60 82 50 213 40
128 15 1482 99 284 208 100 61 259 40 233 249 9 237 300 18 271 153 185 78 157 136 141 232 298 190 109 74 85 64 29 14 163
129 15 1427 33 18 20 255 95 56 24 111 5 23 238 146 184 39 199 266 231 83 3 18 193 261 56 121 184 280 212 92 107 245
130 15 1365 178 154 153 94 231 295 42 136 34 126 6 189 38 60 26 235 246 43 88 40 42 264 160 255 127 295 250 201 86 279
131 15 1565 41 134 84 238 88 201 15 102 223 292 100 39 122 56 196 73 16 11 230 50 90 62 237 200 141 226 211 80 163 139
132 15 1698 214 169 136 197 177 186 172 132 74 126 232 170 44 76 105 181 202 252 116 126 241 202 94 235 221 99 85 19 10 2
133 15 1349 99 125 218 278 233 107 129 39 6 261 231 167 46 122 25 183 1 259 24 182 204 60 23 30 174 128 232 281 42 233
134 15 1423 226 104 161 22 25 26 151 222 143 20 115 220 120 46 136 29 5 56 89 39 144 144 59 118 105 160 91 118 209 293
135 15 1368 158 67 92 253 27 230 42 153 192 44 89 175 202 234 107 285 218 271 38 189 31 146 225 73 70 241 128 246 92 229
136 15 1800 91 192 100 295 89 264 229 76 195 86 234 108 131 287 174 286 211 220 132 253 206 59 136 162 100 6 193 137 29 210
137 15 1392 86 31 23 165 88 106 24 119 78 219 96 144 90 260 206 11 235 174 68 123 186 96 227 300 168 260 37 195 129 192
138 15 1812 71 258 151 260 229 54 249 228 140 291 196 293 110 135 186 67 216 202 150 74 126 256 84 283 112 117 142 99 103 134
139 15 1772 211 219 192 77 28 145 226 270 117 146 95 59 213 192 59 252 28 60 188 255 104 273 118 239 162 265 226 156 248 46
140 15 1388 197 16 11 69 225 243 97 169 202 153 36 192 10 25 132 26 178 239 248 116 73 166 89 20 64 56 44 33 129 34
141 15 1189 42 209 132 102 186 13 166 109 220 57 57 45 44 6 23 202 61 238 90 150 95 162 85 96 19 14 180 44 87 78
142 15 1535 114 98 171 78 104 134 153 114 85 198 62 149 156 43 136 263 159 2 80 184 75 49 220 19 213 86 110 233 81 173
143 15 1249 78 176 78 126 121 14 147 192 97 106 6 76 244 117 38 158 86 137 96 211 177 140 21 175 200 261 155 158 18 6
144 15 1880 158 278 102 45 181 89 148 247 207 21 161 194 97 75 233 34 65 57 79 38 240 286 210 208 191 165 149 194 130 289
145 15 1316 70 201 250 203 42 242 67 219 74 19 200 183 53 102 235 85 83 38 42 22 149 28 18 281 74 36 213 89 75 123
146 15 1322 111 219 81 83 53 99 226 183 221 103 64 45 151 35 91 36 59 287 129 34 150 203 148 250 88 78 23 74 58 256
147 15 1370 54 244 231 123 85 181 186 140 73 265 49 297 215 212 83 295 56 225 57 111 137 12 190 119 200 17 38 125 59 147
148 15 1708 91 218 191 257 154 236 215 202 141 14 10 214 98 161 205 45 121 273 6 265 127 242 223 163 143 226 199 159 211 72
149 15 1612 18 177 249 87 85 103 120 96 245 280 242 37 50 272 45 8 103 220 57 71 145 2 62 200 221 137 176 50 197 51
150 15 1290 61 152 120 13 66 134 25 157 112 275 24 281 81 151 193 256 31 246 102 82 234 240 178 266 191 61 116 101 79 36
151 15 1592 205 47 18 79 149 222 180 268 185 213 111 262 154 77 70 139 55 49 249 218 73 126 47 177 173 28 239 209 82 110
152 15 1299 84 139 108 216 44 236 119 204 52 222 188 192 135 165 158 102 69 108 111 221 142 281 132 193 91 265 122 216 69 282
153 15 1848 113 259 188 284 4 16 225 290 183 207 212 165 8 79 178 37 108 271 183 195 66 172 248 53 188 59 181 245 226 26
154 15 1458 194 283 190 178 115 118 10 189 155 295 38 236 27 131 197 112 57 53 148 146 60 183 203 274 149 246 217 179 63 184
155 15 1391 95 235 9 50 84 152 52 186 103 128 171 217 72 218 39 200 157 275 90 125 63 79 223 99 224 107 130 186 227 96
156 15 1725 242 144 67 162 239 113 3 119 192 199 232 270 245 249 66 94 250 59 168 90 128 1 39 296 123 63 81 35 82 210
157 15 1628 102 88 165 67 82 105 139 127 34 298 248 159 155 243 223 169 203 75 185 145 125 88 44 82 67 67 111 252 153 106
158 15 1496 202 36 106 175 171 42 208 234 1 262 2 225 78 260 155 75 229 13 35 75 210 7 34 290 208 139 96 142 135 36
159 15 1623 246 213 113 48 130 138 188 110 121 83 95 6 56 85 234 101 80 278 137 219 108 18 88 182 90 261 155 150 188 111
160 15 1503 128 153 227 51 22 34 229 2 36 277 231 58 145 79 4 190 244 206 221 99 90 59 37 218 188 41 5 36 72 253
161 15 1585 81 247 20 9 180 8 131 128 143 245 32 141 77 195 239 202 158 177 22 111 233 15 163 257 220 118 162 185 121 288
162 15 1180 239 44 66 83 37 241 67 132 235 261 49 270 162 32 120 30 97 68 19 95 11 137 6 199 182 163 69 69 117 100
163 15 1539 204 165 216 221 57 191 4 300 184 75 202 99 159 56 118 161 131 177 222 268 25 225 175 104 10 204 141 294 76 262
164 15 1564 127 204 230 108 235 51 31 156 143 152 63 122 121 206 68 15 230 254 125 147 164 246 142 87 13 31 120 169 143 74
165 15 1678 53 1 189 132 239 175 19 200 77 127 226 179 238 166 145 150 219 49 100 115 82 120 13 109 47 287 226 254 225 283
166 15 1418 11 186 163 10 201 217 74 95 83 220 118 201 173 153 113 67 206 258 81 3 126 251 30 64 22 43 167 115 205 183
167 15 1843 184 126 144 298 25 288 211 275 231 159 179 250 250 294 6 90 85 294 242 124 150 282 230 148 244 22 35 105 88 121
168 15 1758 53 147 106 284 87 286 115 214 71 163 207 126 81 77 119 251 176 273 152 102 200 282 246 266 228 95 138 48 219 168
169 15 1412 45 220 53 281 228 124 198 19 167 226 198 75 84 224 13 46 214 104 90 63 70 233 73 129 82 29 228 4 23 257
170 15 1320 112 27 177 132 24 9 74 104 80 193 215 59 105 70 165 232 96 243 115 72 43 62 133 27 37 61 132 181 143 97
171 15 1973 176 286 216 213 139 232 89 21 239 149 227 249 70 180 51 225 87 51 230 93 157 223 160 38 182 105 224 285 220 105
172 15 1892 100 86 99 209 228 20 187 38 119 16 204 130 142 172 176 96 92 299 137 75 129 123 239 266 107 75 183 76 224 255
173 15 1030 13 66 93 156 117 125 137 78 69 250 13 4 132 127 27 274 247 94 84 122 142 61 83 188 21 60 37 40 73 258
174 15 1788 230 13 103 224 49 201 175 91 42 13 112 105 87 221 165 61 17 83 217 50 231 27 211 4 198 9 168 21 231 137
175 15 1399 147 242 42 2 243 250 74 294 143 189 24 202 93 268 169 19 156 58 32 57 4 106 170 76 152 31 234 168 66 98
176 15 1835 71 24 241 121 152 163 90 207 28 72 246 61 122 78 249 24 80 68 159 69 117 73 219 80 230 74 120 50 170 156
177 15 1498 242 202 78 45 110 14 96 101 169 93 108 282 94 127 162 229 160 72 217 226 77 246 59 197 94 252 81 286 126 171
178 15 1480 81 136 243 294 8 111 146 200 207 76 4 9 64 223 92 243 216 82 76 282 175 174 155 19 183 119 127 285 74 222
179 15 1607 136 287 189 28 230 101 64 148 129 176 95 244 175 272 163 71 11 134 151 12 164 3 35 99 218 256 8 34 241 108
180 15 1841 188 264 205 254 197 115 99 94 212 299 58 150 213 35 208 97 141 165 15 30 224 15 114 159 63 60 177 293 188 231
181 15 1256 9 257 40 219 55 133 231 111 32 210 169 72 95 182 151 126 68 121 29 142 125 299 169 164 70 114 121 158 207 37
182 15 1712 139 63 221 36 76 292 198 61 60 163 160 181 90 109 171 127 212 189 78 35 56 101 109 279 239 135 180 129 151 207
183 15 1288 28 297 123 247 23 29 120 89 182 4 74 2 64 1 159 210 124 261 164 196 38 108 177 33 170 140 53 125 112 257
184 15 1285 11 8 157 31 34 200 211 123 101 234 39 247 33 115 103 263 227 86 43 268 214 195 73 107 187 235 10 223 164 3
185 15 1748 78 92 210 137 202 186 122 17 239 243 14 215 187 177 210 249 250 196 227 122 84 293 103 281 27 67 209 212 23 291
186 15 1646 18 19 159 157 171 218 146 59 200 297 1 208 218 191 231 53 172 77 163 3 14 245 187 186 210 279 160 90 8 16
187 15 1552 24 225 211 271 155 164 54 5 81 171 118 24 163 270 53 192 205 101 121 206 179 40 189 42 223 91 140 293 25 238
188 15 1546 169 6 12 260 230 70 179 45 49 272 153 25 218 148 169 102 141 193 164 283 37 127 128 284 169 268 82 249 33 226
189 15 1635 150 261 112 136 191 73 122 182 40 234 189 32 205 214 65 101 110 86 117 214 29 138 211 263 217 225 200 109 86 292
190 15 2143 205 93 200 96 210 78 187 23 215 273 27 141 248 213 154 53 210 82 204 298 98 212 234 108 167 194 200 276 120 128
191 15 1217 197 134 79 14 17 248 15 208 122 204 50 225 43 80 171 6 7 42 145 115 44 103 228 217 125 62 185 274 94 198
192 15 1550 164 290 35 177 238 21 144 166 166 156 195 136 177 128 71 215 180 12 24 76 232 47 113 50 40 281 67 236 92 105
193 15 1322 143 104 33 74 214 30 174 223 130 271 69 229 10 67 11 33 18 233 117 25 35 34 196 101 181 5 90 32 232 298
194 15 1089 81 237 23 184 30 221 44 188 123 99 156 64 60 178 24 78 35 18 140 78 134 236 132 175 68 268 236 53 76 171
195 15 1361 135 28 49 222 89 210 20 282 48 19 178 213 42 48 188 126 25 118 240 55 34 33 223 198 83 146 249 156 99 169
196 15 1760 78 164 89 285 239 27 143 133 178 276 221 135 183 97 58 277 83 153 185 34 42 95 150 225 139 254 215 98 197 290
197 15 2000 112 284 58 210 192 220 144 289 234 50 227 233 236 49 210 133 85 186 158 50 97 262 104 48 201 250 221 19 222 218
198 15 1711 227 14 80 213 186 142 164 95 24 201 198 226 171 70 211 82 159 205 18 204 130 47 143 228 67 275 161 225 200 156
199 15 1524 165 248 104 120 196 292 201 137 181 4 242 21 11 263 80 108 46 197 35 165 91 244 208 162 175 55 85 123 86 290
200 15 1783 34 167 184 21 143 50 151 189 227 136 117 244 165 141 75 82 226 183 135 67 15 45 162 54 185 9 224 293 186 173
201 15 1770 127 197 224 275 31 175 244 153 139 263 231 172 119 250 6 22 126 56 236 172 75 222 67 153 244 1 110 227 234 170
202 15 1346 66 150 242 125 208 300 103 229 96 273 104 66 73 60 249 241 54 25 2 106 25 205 118 121 18 157 197 45 128 66
203 15 1412 97 240 20 74 208 170 145 90 79 174 66 2 174 88 182 43 50 284 223 215 82 183 21 147 115 127 233 275 70 176
204 15 1467 56 69 148 244 214 119 211 3 133 84 66 288 129 239 69 296 27 270 113 183 33 197 206 214 240 110 3 88 186 181
205 15 1927 190 299 163 217 103 298 28 228 134 39 76 170 191 119 162 190 227 150 167 188 237 218 193 116 198 297 101 27 239 126
206 15 1232 45 109 27 23 172 265 20 72 223 20 23 217 186 214 45 262 105 64 133 12 240 181 98 287 91 79 46 38 86 85
207 15 2236 218 237 161 201 230 209 148 7 212 178 150 117 239 36 54 292 243 60 206 238 182 54 198 272 244 87 134 225 177 208
208 15 1348 107 242 44 289 85 130 9 78 123 118 86 145 67 112 145 86 213 130 225 139 119 1 37 19 71 77 170 42 184 62
209 15 968 34 130 70 66 48 271 247 248 19 81 123 172 18 282 25 212 22 137 142 226 100 133 15 286 116 37 137 6 95 130
210 15 1616 201 299 156 197 181 147 214 280 103 222 107 226 9 102 83 196 244 54 153 182 240 113 94 122 60 255 71 87 104 40
211 15 1812 146 287 210 145 73 117 229 257 70 50 241 223 244 136 53 11 29 169 99 111 231 93 104 124 175 208 225 6 137 95
212 15 1389 168 190 225 109 98 121 136 66 135 201 217 199 143 279 62 167 114 171 125 154 29 158 65 91 90 18 60 84 70 177
213 15 1669 112 268 220 243 220 163 41 275 194 216 149 158 84 193 159 49 186 105 195 245 18 245 149 204 160 88 159 31 41 166
214 15 1008 250 13 14 120 47 137 62 30 82 111 41 294 69 236 3 259 50 224 98 284 45 161 91 181 127 34 136 144 146 61
215 15 1431 123 295 100 1 60 124 65 268 227 80 156 278 71 89 120 75 161 179 214 26 104 282 32 274 189 21 131 87 36 164
216 15 1860 186 225 216 41 235 139 232 66 185 110 121 109 123 201 181 8 210 116 92 50 222 49 48 275 195 4 54 174 26 86
217 15 1328 68 68 71 25 75 148 151 248 218 216 66 251 144 64 233 176 180 48 19 199 134 238 225 109 11 71 46 112 20 60
218 15 1424 208 169 146 36 120 10 152 115 31 52 197 96 143 5 239 179 56 72 204 70 11 29 48 247 40 139 28 105 157 216
219 15 1468 79 142 3 19 135 293 221 61 187 257 227 199 161 5 53 179 99 219 51 12 192 240 31 30 243 27 61 171 92 267
220 15 1856 124 55 193 244 184 174 22 93 154 2 126 8 171 140 168 109 240 261 72 21 95 51 74 93 224 96 244 164 230 153
221 15 1548 163 225 102 282 93 164 63 96 160 10 88 25 64 187 188 108 165 45 131 2 237 295 58 42 92 278 131 229 200 236
222 15 1287 10 42 246 2 128 24 171 191 13 285 5 134 45 275 245 267 80 171 128 170 144 68 130 152 23 293 116 70 125 232
223 15 1526 85 70 92 285 203 145 112 296 162 44 29 168 102 207 15 193 164 94 28 150 237 68 121 86 132 214 205 233 221 295
224 15 1600 110 131 233 13 195 284 62 161 146 61 84 156 156 210 83 121 88 25 8 205 248 146 238 195 46 8 237 46 66 192
225 15 1255 230 11 230 140 97 280 16 239 17 7 57 180 103 111 42 120 15 171 111 58 55 48 43 75 218 202 110 73 225 288
226 15 1357 28 43 237 88 35 123 202 257 152 93 151 62 23 86 198 83 17 243 176 38 112 116 93 215 157 297 114 119 2 180
227 15 1908 195 194 7 218 185 127 65 75 157 22 116 87 242 281 215 117 132 299 232 73 234 32 243 156 29 136 177 39 157 78
228 15 1906 203 108 138 72 209 28 146 139 169 185 170 122 249 32 217 13 89 113 53 226 164 203 108 146 220 92 31 166 217 142
229 15 1267 109 25 37 98 106 29 112 209 52 165 65 235 19 126 227 143 9 220 85 46 239 151 195 191 122 7 19 49 188 48
230 15 1701 216 161 27 238 140 241 165 283 36 156 163 17 185 131 233 82 76 115 213 202 133 55 67 146 214 41 235 171 24 153
231 15 1466 105 96 249 160 53 86 30 225 214 59 175 75 227 176 37 190 94 172 104 32 35 298 64 169 64 151 207 50 175 296
232 15 1463 205 53 84 5 58 191 131 189 63 141 167 118 4 33 208 76 133 148 48 3 186 74 249 13 99 155 158 112 36 108
233 15 1880 99 74 217 220 155 155 214 46 168 36 148 276 162 184 112 134 120 250 178 12 247 221 159 155 109 144 213 65 50 103
234 15 1600 175 107 89 145 153 210 48 68 223 22 236 7 238 209 245 19 42 150 5 88 69 92 114 197 86 61 77 125 200 244
235 15 1754 216 130 85 154 169 251 91 168 199 6 161 84 165 39 234 11 83 94 181 164 95 251 182 104 101 202 49 297 182 79
236 15 1720 167 39 237 67 47 83 85 132 92 179 56 34 134 270 234 27 134 61 244 86 224 4 106 238 177 14 69 109 144 224
237 15 1272 169 256 97 138 102 39 4 87 241 45 58 11 86 128 85 70 120 30 134 189 221 67 21 138 134 107 98 155 21 253
238 15 1687 170 235 175 110 214 46 22 166 201 11 230 196 80 226 212 114 146 49 13 212 134 159 155 165 54 73 54 116 249 172
239 15 1531 184 51 64 48 150 234 20 100 175 295 138 217 205 55 64 157 245 220 182 294 73 153 96 148 123 257 3 180 192 103
240 15 1485 77 62 120 129 182 261 42 259 213 169 232 117 127 146 45 37 146 223 231 113 62 190 27 277 175 61 152 266 26 256
241 15 1717 134 294 89 287 79 268 15 123 97 147 123 88 227 36 244 9 247 245 170 267 148 125 187 68 73 300 66 289 248 33
242 15 1354 79 159 138 81 41 253 26 9 233 1 9 40 187 67 178 154 186 141 80 179 77 297 61 201 16 15 227 71 155 166
243 15 1476 92 63 214 58 60 38 223 7 52 222 249 96 48 232 97 121 129 214 156 282 101 118 207 118 87 83 16 258 115 64
244 15 1730 213 252 219 75 175 45 240 246 142 151 8 270 128 52 125 49 73 23 49 263 149 275 146 33 219 245 200 61 77 288
245 15 1728 197 39 200 140 172 189 248 47 14 152 133 67 60 113 219 77 248 142 229 20 39 153 39 44 157 33 145 260 60 121
246 15 1288 13 103 150 157 187 28 48 99 155 137 179 291 18 43 9 82 30 122 37 131 125 271 40 113 192 104 193 226 235 291
247 15 1377 68 221 148 99 106 17 244 91 202 159 163 243 68 235 173 70 141 117 125 83 34 50 10 54 167 120 31 77 42 139
248 15 1556 28 15 119 174 232 268 52 134 207 46 102 143 164 200 183 206 175 34 35 94 140 166 133 257 239 13 123 188 14 248
249 15 1064 187 41 18 180 10 39 1 197 2 226 115 220 56 190 89 8 192 68 218 150 146 26 2 218 225 181 12 2 57 31
250 15 1540 55 72 110 296 142 93 134 149 199 121 193 111 211 269 34 238 170 199 224 286 39 212 31 59 123 249 234 219 27 236
