1 15 1634 DPWeight 33720 68.313174 111111111011001
2 15 1612 DPWeight 31830 56.917587 011111101111110
3 15 1596 DPWeight 32205 57.213738 111101111110110
4 15 1777 DPWeight 29385 53.097829 110101111111110
5 15 1480 DPWeight 32505 63.121238 111001011111111
6 15 2182 DPWeight 33945 67.164642 011011110111111
7 15 1954 DPWeight 36030 63.840263 110111111111010
8 15 1400 DPWeight 30960 54.748879 111110001111111
9 15 1874 DPWeight 30210 52.559637 111111110010111
10 15 1476 DPWeight 32550 57.09357 011110111101111
11 15 2256 DPWeight 33240 66.982729 110111111111010
12 15 1642 DPWeight 33240 61.761808 111111011011110
13 15 1724 DPWeight 30300 55.299117 110011111111110
14 15 2192 DPWeight 27315 48.375287 011011111111110
15 15 1943 DPWeight 31650 55.636444 110011011111111
16 15 1596 DPWeight 33120 56.956357 110101111011111
17 15 1509 DPWeight 25020 48.701026 111011111101110
18 15 1943 DPWeight 30705 55.302343 111110111111100
19 15 1930 DPWeight 31905 58.063707 111000111111111
20 15 2133 DPWeight 33150 59.677343 111111110101110
21 15 1878 DPWeight 32040 57.662113 010101111111111
22 15 1597 DPWeight 35070 63.493106 111101110111101
23 15 2197 DPWeight 32580 62.391679 101111101101111
24 15 2139 DPWeight 28485 52.267557 111110101110111
25 15 1367 DPWeight 30585 59.380889 101110111110111
26 15 1820 DPWeight 29385 53.399143 111001111111110
27 15 1893 DPWeight 28380 49.066245 111111100111011
28 15 2218 DPWeight 30360 53.897115 110111111011011
29 15 1761 DPWeight 31365 66.240154 110111111011110
30 15 1789 DPWeight 25095 48.653365 111100111111111
31 15 2055 DPWeight 30525 56.04177 011111011111011
32 15 2176 DPWeight 33015 57.352046 111110101110111
33 15 1566 DPWeight 32430 57.132066 011111101101111
34 15 1767 DPWeight 27690 48.648729 111111111110111
35 15 2210 DPWeight 29775 52.04768 111110011011111
36 15 1191 DPWeight 32400 61.04878 110111011011111
37 15 1960 DPWeight 31800 58.630777 111111101011101
38 15 1981 DPWeight 33480 66.494594 101100111111111
39 15 1562 DPWeight 30705 56.586493 111101101101111
40 15 1592 DPWeight 35955 67.15349 111011100111111
41 15 1577 DPWeight 28740 52.498371 111011011111011
42 15 2062 DPWeight 28515 53.47391 111111111001110
43 15 2064 DPWeight 32475 60.061029 111110111011110
44 15 1740 DPWeight 35400 64.947285 011101111111101
45 15 1760 DPWeight 29625 55.819932 011111110111101
46 15 1806 DPWeight 27480 51.8162 111101110111011
47 15 1943 DPWeight 35130 62.398957 111010111111101
48 15 1570 DPWeight 35265 63.173436 011111100111111
49 15 1466 DPWeight 28380 50.698386 101111110101111
50 15 1979 DPWeight 33030 57.895548 111101111100111
51 15 2454 DPWeight 32640 64.161612 111111011111100
52 15 1951 DPWeight 25560 48.774621 111011011101111
53 15 1671 DPWeight 31800 56.79846 010111111111011
54 15 1423 DPWeight 32220 57.659546 101111110011111
55 15 1734 DPWeight 29340 51.29925 011111111001111
56 15 1840 DPWeight 34290 61.346245 011101111111011
57 15 1662 DPWeight 32250 60.385611 111010111111011
58 15 1805 DPWeight 31905 58.623502 011101111101111
59 15 1690 DPWeight 32325 56.024702 101110111111110
60 15 2001 DPWeight 28365 55.261451 101111011110111
61 15 1845 DPWeight 36855 76.597145 111011011111110
62 15 1799 DPWeight 31170 58.954691 101110111101101
63 15 1768 DPWeight 31995 58.324868 111111111100011
64 15 1709 DPWeight 28155 54.084693 010111111111110
65 15 2126 DPWeight 33780 64.517162 111110101111110
66 15 1439 DPWeight 34320 65.15002 101111011101111
67 15 2060 DPWeight 32955 60.300814 110101111110111
68 15 1713 DPWeight 34980 63.165626 111110111011110
69 15 1890 DPWeight 36960 67.166658 010111101111111
70 15 1733 DPWeight 33480 62.775603 100111111011110
71 15 1557 DPWeight 30330 57.501647 111101111110011
72 15 1964 DPWeight 36360 63.457462 111110110111101
73 15 2024 DPWeight 32445 58.465412 111111111011010
74 15 1761 DPWeight 30900 54.42719 111111110110101
75 15 1747 DPWeight 32235 56.502707 111111101011101
76 15 2072 DPWeight 32415 56.048815 101110110111111
77 15 1928 DPWeight 27750 49.327894 110001111111111
78 15 2036 DPWeight 28035 49.947918 111101101111110
79 15 1411 DPWeight 27720 49.201164 111111011110101
80 15 1653 DPWeight 32205 67.898472 111011110111011
81 15 1487 DPWeight 30600 58.425785 111111010111100
82 15 1564 DPWeight 28320 49.002877 111111001011111
83 15 1569 DPWeight 32760 59.112102 111111101101101
84 15 1831 DPWeight 30855 55.834312 110111110111100
85 15 1754 DPWeight 31245 56.595284 101111010111111
86 15 1825 DPWeight 27750 53.856436 111111010100111
87 15 1646 DPWeight 32715 59.230935 101111010111111
88 15 2251 DPWeight 32580 58.371297 111111111000111
89 15 2038 DPWeight 27585 51.042296 011111111111001
90 15 1615 DPWeight 27900 52.378579 110111111101011
91 15 1502 DPWeight 29025 56.908505 011101111110111
92 15 2061 DPWeight 28545 64.986472 011101111101111
93 15 1718 DPWeight 30975 59.473844 111101111011110
94 15 1565 DPWeight 28380 49.407102 111101101101111
95 15 1609 DPWeight 29025 50.902419 110111001111111
96 15 1833 DPWeight 31470 55.516322 110111111111100
97 15 2168 DPWeight 35700 66.610696 101011111111110
98 15 1850 DPWeight 35670 61.35293 101111011111110
99 15 1837 DPWeight 30240 56.41158 111011110111110
100 15 1623 DPWeight 27540 48.274894 110101111111011
101 15 1805 DPWeight 31020 57.451259 111111111011010
102 15 1939 DPWeight 33480 59.400955 110111111001111
103 15 1982 DPWeight 31785 55.878053 011110111101111
104 15 1649 DPWeight 34425 60.983552 111101111001111
105 15 1898 DPWeight 32085 57.530901 011101111011111
106 15 1947 DPWeight 34710 60.064409 111111111011101
107 15 1706 DPWeight 35070 61.497686 110111111010111
108 15 1382 DPWeight 32160 58.601003 011111110111101
109 15 1744 DPWeight 30780 56.521645 111101111111100
110 15 1688 DPWeight 28650 50.064573 111101110110111
111 15 2041 DPWeight 31170 55.48154 110111110011111
112 15 1629 DPWeight 31455 56.610279 110111101101111
113 15 1952 DPWeight 31350 55.295238 111111111001110
114 15 1501 DPWeight 30810 58.27601 101101111011111
115 15 1647 DPWeight 30000 58.549906 111111010111011
116 15 1633 DPWeight 29670 75.917434 111111010111111
117 15 1718 DPWeight 31680 62.233159 011110011011111
118 15 1304 DPWeight 30480 57.911139 101111111101110
119 15 1381 DPWeight 30345 55.475601 110111011011111
120 15 1770 DPWeight 35040 68.211982 111001111111011
121 15 1918 DPWeight 31410 58.041721 111111111101010
122 15 1216 DPWeight 34815 63.392569 111011011011111
123 15 1447 DPWeight 31905 59.14711 111110010111111
124 15 1555 DPWeight 35025 65.015384 111010111111110
125 15 1805 DPWeight 32100 59.338732 111111011001111
126 15 1925 DPWeight 35085 69.107885 010111111111011
127 15 1767 DPWeight 29385 56.816782 011011111111101
128 15 1860 DPWeight 28890 52.99133 011110110111111
129 15 1719 DPWeight 28995 53.066568 111111011011011
130 15 1663 DPWeight 33825 60.193515 111100101111111
131 15 1562 DPWeight 29025 57.125056 111101110011111
132 15 1732 DPWeight 33690 60.785606 111010111110111
133 15 2265 DPWeight 32100 59.703717 111011111001111
134 15 1609 DPWeight 29490 54.168208 111011111100111
135 15 1806 DPWeight 31380 57.174773 101111111101101
136 15 2093 DPWeight 31020 53.214451 111010111110111
137 15 1261 DPWeight 31080 54.500115 111111101001111
138 15 1460 DPWeight 27180 47.883892 110111111010111
139 15 1832 DPWeight 31425 55.699662 111011110110111
140 15 2261 DPWeight 33915 62.370472 011101011111111
141 15 1483 DPWeight 32805 60.432362 110111111011110
142 15 1659 DPWeight 32895 58.802535 111111110101110
143 15 1914 DPWeight 32040 61.700462 111110011110111
144 15 2000 DPWeight 35100 64.68232 110101111110111
145 15 1308 DPWeight 36000 74.834327 111011111111100
146 15 2090 DPWeight 28125 53.173969 111011111111100
147 15 1834 DPWeight 27015 47.91898 001111111111011
148 15 2217 DPWeight 31905 55.02186 111011111110110
149 15 1396 DPWeight 31560 55.772635 111011111101101
150 15 2086 DPWeight 31725 58.051126 111110101111110
151 15 1788 DPWeight 31155 59.442091 010111110111111
152 15 1769 DPWeight 33150 58.607651 101110011111111
153 15 1915 DPWeight 32625 56.852074 111110111011110
154 15 1639 DPWeight 27150 46.731222 111011111001111
155 15 1925 DPWeight 28275 50.743485 111111110101011
156 15 1686 DPWeight 30585 55.832003 110111101111011
157 15 1484 DPWeight 30645 55.10426 111110110110111
158 15 1614 DPWeight 32370 59.642138 011111011110111
159 15 1953 DPWeight 37740 75.42468 111011111011101
160 15 1578 DPWeight 29700 56.601591 001011101111111
161 15 2131 DPWeight 31260 61.360825 110101011111111
162 15 1827 DPWeight 32325 62.448861 101101101111111
163 15 1672 DPWeight 32985 58.003929 111110011110111
164 15 1901 DPWeight 31380 56.80192 111111110011011
165 15 2217 DPWeight 31410 55.266818 111011101111011
166 15 1762 DPWeight 27120 48.587935 101111101101111
167 15 2019 DPWeight 34500 61.737534 100111111101111
168 15 1758 DPWeight 31665 60.453496 110111111001111
169 15 2262 DPWeight 27450 55.335211 101111111100111
170 15 1704 DPWeight 32460 64.78513 111101111111001
171 15 1380 DPWeight 28170 49.410817 101011011111111
172 15 1657 DPWeight 27720 47.562092 111111101001111
173 15 1513 DPWeight 31305 55.260722 111011111111010
174 15 1784 DPWeight 30600 54.362852 100110111111111
175 15 2001 DPWeight 37440 71.777038 111111100111110
176 15 1527 DPWeight 30180 53.39457 100111111111101
177 15 1521 DPWeight 34860 65.725555 010111111111110
178 15 1887 DPWeight 31440 56.782751 111111010111101
179 15 1666 DPWeight 34920 62.42531 011110111111011
180 15 1728 DPWeight 28485 50.570888 111001111011111
181 15 1987 DPWeight 27915 50.417171 101110101111111
182 15 1888 DPWeight 29070 55.690309 111111111100110
183 15 2214 DPWeight 36360 72.758319 011111011011111
184 15 1676 DPWeight 31500 64.066172 011110111101111
185 15 2162 DPWeight 29925 57.895001 101011111011111
186 15 1583 DPWeight 29085 57.823535 111011110111101
187 15 1382 DPWeight 34455 65.976662 110011111101111
188 15 1687 DPWeight 29520 53.250982 111111001110111
189 15 1587 DPWeight 33060 59.574009 011111111111100
190 15 1672 DPWeight 33780 61.616653 011111101111101
191 15 1706 DPWeight 29940 52.93956 111110111111001
192 15 1732 DPWeight 31860 54.686558 101111110111011
193 15 1648 DPWeight 29865 52.162986 111110111110011
194 15 1947 DPWeight 36015 64.972985 011110110111111
195 15 1299 DPWeight 31275 58.859399 101011111111010
196 15 1725 DPWeight 30945 61.92175 111101111001111
197 15 1641 DPWeight 31680 60.636184 111111011011101
198 15 1957 DPWeight 33900 63.669019 111111001111101
199 15 1907 DPWeight 29505 55.691408 101111111101011
200 15 1667 DPWeight 30945 58.212531 111111011011110
201 15 1844 DPWeight 27510 55.290286 111101101011111
202 15 1618 DPWeight 26175 54.268243 110111110111111
203 15 1967 DPWeight 32415 63.400936 111100111111110
204 15 1576 DPWeight 28260 49.619325 111011110111110
205 15 1625 DPWeight 32190 56.044526 011110101111111
206 15 1831 DPWeight 32400 55.544763 010111111011111
207 15 1585 DPWeight 33375 58.29819 110111111110011
208 15 1808 DPWeight 25500 44.603045 011111101111011
209 15 1478 DPWeight 31770 55.906804 111010111111001
210 15 2162 DPWeight 31860 54.682589 111100111111101
211 15 1601 DPWeight 35730 63.552822 110110011111111
212 15 1677 DPWeight 33015 60.480396 111101111001111
213 15 1993 DPWeight 30420 54.368102 011011111111011
214 15 1874 DPWeight 32700 57.626731 111111001110111
215 15 1484 DPWeight 32025 56.860757 101111011110111
216 15 1776 DPWeight 34125 59.901906 011110011111111
217 15 1944 DPWeight 33690 58.625737 111011011111110
218 15 1817 DPWeight 35880 64.690669 111111110100111
219 15 1691 DPWeight 30690 54.139609 011110110111111
220 15 1492 DPWeight 28005 53.13608 011111111011011
221 15 1766 DPWeight 32625 60.038235 101111111111100
222 15 1948 DPWeight 31185 59.860704 011110111111011
223 15 1444 DPWeight 29385 60.520732 011111111110110
224 15 1746 DPWeight 28545 50.496668 010111111101111
225 15 1785 DPWeight 30540 52.594593 111110011101111
226 15 1631 DPWeight 32715 57.993779 111101010111111
227 15 1865 DPWeight 32655 55.819262 011111011110111
228 15 1671 DPWeight 33645 59.274499 111111000111111
229 15 1725 DPWeight 33330 64.599061 110111011111110
230 15 1641 DPWeight 32985 64.961367 101110111101111
231 15 1917 DPWeight 31380 54.691507 101111111001111
232 15 1527 DPWeight 28605 50.199686 110110111111011
233 15 1746 DPWeight 30630 53.629684 101101111010111
234 15 1664 DPWeight 33585 58.895904 011101111110111
235 15 1830 DPWeight 34305 64.435963 001111111011111
236 15 1896 DPWeight 35340 63.492096 111111101100111
237 15 1837 DPWeight 34080 62.596421 111011100111111
238 15 1904 DPWeight 33780 62.471805 111101001111111
239 15 2013 DPWeight 31275 57.720289 111100110111111
240 15 1702 DPWeight 33060 58.387792 110111110011111
241 15 1582 DPWeight 29310 53.710889 111110001111111
242 15 2097 DPWeight 25635 46.747893 110111011100111
243 15 1727 DPWeight 31110 58.301655 011111111110101
244 15 1802 DPWeight 30780 60.383541 111111011010111
245 15 1239 DPWeight 31485 56.58316 011111101011111
246 15 1963 DPWeight 30780 55.488174 111111001111011
247 15 1467 DPWeight 29160 52.223048 010111111110111
248 15 1481 DPWeight 32580 57.711414 101111011111011
249 15 1724 DPWeight 29490 61.300078 111110111101110
250 15 1989 DPWeight 28995 51.487143 111111111110101
