1 15 2446 194 62 159 245 242 152 247 23 174 13 225 200 178 3 202 95 244 106 207 195 200 206 158 201 235 8 173 172 220 205
2 15 2449 232 42 216 145 201 24 126 44 46 95 242 49 171 23 237 131 243 206 209 7 226 181 216 93 228 2 227 108 242 205
3 15 2396 222 242 242 88 79 205 126 67 226 160 125 145 98 134 240 122 244 54 210 99 221 209 244 159 244 99 234 193 240 229
4 15 2596 138 103 208 53 224 151 229 133 232 164 250 37 234 187 155 167 190 199 228 192 205 219 249 170 232 113 225 213 246 34
5 15 2508 221 128 227 197 239 13 120 126 165 175 237 233 242 178 231 120 190 130 244 135 220 245 233 146 170 54 170 189 227 103
6 15 2241 212 146 215 80 110 42 246 33 229 244 237 208 200 96 182 184 124 170 169 173 89 202 247 64 159 222 144 85 239 140
7 15 2585 245 15 212 174 241 29 222 96 199 131 224 83 196 75 222 201 219 177 234 185 229 179 185 71 226 76 230 135 148 9
8 15 2297 165 157 99 85 198 111 242 81 219 31 241 151 38 132 227 5 104 120 208 101 244 42 231 31 250 18 213 106 193 74
9 15 2285 139 233 202 46 181 217 149 103 231 173 141 175 244 24 166 231 238 127 122 6 213 80 204 225 191 167 209 45 227 29
10 15 2407 200 207 201 45 101 160 205 116 232 37 127 27 197 170 212 201 238 4 225 222 221 177 218 120 247 132 146 127 239 237
11 15 2516 213 245 187 99 245 11 234 144 187 17 249 137 248 196 156 23 172 154 239 187 231 25 192 78 220 95 160 34 213 193
12 15 2466 208 21 111 166 146 109 238 232 246 217 196 168 235 164 246 13 233 188 236 101 212 73 172 151 243 7 137 242 224 173
13 15 2497 217 101 242 22 207 22 87 86 207 166 215 82 176 211 237 214 244 250 201 216 223 145 221 105 203 159 213 152 229 87
14 15 2491 140 196 239 235 238 70 216 175 228 248 250 99 241 53 242 113 186 134 112 215 176 191 234 1 238 180 226 136 148 18
15 15 2471 222 120 205 121 239 22 153 203 248 182 245 106 94 233 233 58 136 123 217 228 217 175 217 226 201 40 212 144 250 18
16 15 2174 109 233 195 241 214 154 192 227 76 176 248 179 171 240 250 77 243 14 227 91 125 75 156 85 233 106 136 221 143 185
17 15 2457 155 45 179 90 212 159 244 96 239 206 108 205 240 68 209 102 230 168 152 11 238 108 224 40 207 22 216 219 219 131
18 15 2289 161 26 224 83 191 39 130 168 178 233 189 101 182 176 238 235 173 12 226 246 162 244 188 77 139 97 232 237 249 109
19 15 2411 248 52 246 169 119 246 234 76 223 12 164 166 210 149 163 193 227 210 160 172 193 110 198 28 196 150 219 241 214 215
20 15 2301 210 40 220 28 116 216 174 197 179 11 249 173 212 195 177 151 232 188 232 193 202 215 194 199 214 72 136 211 130 214
21 15 2379 192 180 215 100 98 204 158 118 234 115 235 7 181 192 185 100 167 183 230 32 220 234 250 233 213 206 228 209 168 10
22 15 2395 240 149 234 63 210 209 107 163 203 174 175 216 167 25 176 227 241 225 202 244 225 189 180 7 222 36 241 122 171 90
23 15 2390 238 169 169 248 155 183 208 165 239 27 186 150 248 20 102 123 199 128 195 11 152 178 221 61 187 142 241 118 248 217
24 15 2448 178 45 204 149 235 128 220 198 137 135 182 228 115 89 215 4 188 178 198 160 240 19 236 82 236 124 249 119 227 87
25 15 2316 229 128 201 96 247 221 243 178 107 79 191 148 237 168 99 125 221 40 239 100 125 54 205 4 138 159 245 110 169 86
26 15 2338 221 221 246 27 240 161 139 40 119 135 185 70 232 27 203 62 174 77 242 248 239 60 103 92 242 119 99 203 239 174
27 15 2412 242 232 193 223 223 202 219 54 137 69 229 242 238 109 190 139 137 197 232 177 233 55 215 122 177 93 233 176 117 237
28 15 2552 201 129 195 239 140 246 247 11 195 45 191 149 228 113 248 29 219 249 208 250 250 26 227 99 169 22 231 199 241 87
29 15 2290 215 74 214 218 238 243 225 82 215 202 224 111 210 234 136 27 167 129 131 83 110 194 238 199 103 66 227 230 210 97
30 15 2246 121 161 167 209 247 170 204 11 247 61 172 137 242 123 208 81 201 2 132 229 225 194 84 61 184 183 145 86 229 246
31 15 2492 219 122 208 61 216 195 249 237 250 226 190 74 136 33 212 47 238 184 69 15 212 107 204 178 246 113 246 88 220 213
32 15 2492 233 41 198 168 196 16 214 136 142 63 241 94 233 129 152 216 204 23 234 194 245 158 211 192 192 89 195 237 225 70
33 15 2649 246 220 229 195 239 238 206 136 206 235 250 216 215 217 229 249 242 244 186 216 214 236 225 122 226 248 197 11 202 141
34 15 2104 160 21 132 178 186 166 168 199 180 87 171 104 165 125 156 136 219 1 220 213 194 144 88 64 244 38 116 146 232 38
35 15 2476 239 173 247 167 250 42 202 183 235 83 234 30 213 75 102 111 182 69 226 221 239 29 221 248 137 190 141 10 227 221
36 15 2476 249 85 226 7 145 62 120 66 229 234 234 178 205 18 219 64 249 73 174 92 185 116 237 13 212 8 163 143 248 188
37 15 2523 226 122 197 57 228 205 217 63 223 224 242 67 94 99 245 66 247 53 202 74 165 82 202 106 195 218 229 35 242 116
38 15 2359 246 113 232 183 108 88 218 125 188 231 227 22 66 159 244 221 211 81 206 7 180 131 204 118 239 158 147 92 233 163
39 15 2149 220 162 239 66 201 110 162 120 115 166 185 159 184 202 224 188 172 13 146 166 226 238 100 91 169 155 163 201 181 80
40 15 2574 215 3 248 240 231 179 245 75 242 150 207 81 228 85 246 228 228 198 187 38 214 90 194 108 228 23 112 177 193 203
41 15 2537 239 227 207 150 230 157 228 187 249 62 183 224 247 84 157 50 187 168 175 42 243 74 245 158 169 156 241 152 172 60
42 15 2476 242 78 235 106 160 217 189 205 245 93 207 4 186 203 216 76 235 145 155 183 237 185 222 239 189 230 227 59 151 164
43 15 2626 241 54 197 99 249 125 213 208 137 25 224 114 244 193 214 182 231 32 250 136 207 79 221 76 244 51 239 180 172 28
44 15 2478 182 74 218 164 177 170 215 11 195 206 227 43 196 186 164 127 210 202 203 179 250 227 244 234 223 16 146 200 248 173
45 15 2360 232 75 120 188 118 163 225 160 205 121 244 198 226 21 218 169 236 106 217 113 191 122 151 195 189 205 179 84 200 86
46 15 2634 241 77 200 210 227 118 248 154 249 177 234 167 230 107 207 174 171 7 229 165 242 242 238 144 234 197 226 191 117 35
47 15 2368 196 181 248 81 198 154 156 60 148 65 236 76 135 49 185 175 188 25 141 78 231 128 185 42 242 112 237 175 234 227
48 15 2578 236 210 219 40 221 222 182 227 171 170 219 207 201 181 219 90 208 175 184 143 245 144 229 146 244 139 209 18 236 75
49 15 2596 244 110 242 208 250 191 249 54 208 145 179 153 240 199 240 3 134 76 247 22 239 122 223 23 179 218 133 240 239 66
50 15 2481 230 148 173 107 202 241 213 225 247 19 143 235 137 95 244 153 212 73 239 121 241 244 225 98 233 139 204 204 159 41
51 15 2233 245 196 127 136 100 60 232 74 214 104 235 228 189 131 216 235 145 72 220 56 233 180 91 59 206 116 118 16 221 187
52 15 2390 227 161 182 10 243 61 223 124 145 78 154 126 218 18 224 244 160 88 246 35 189 35 246 128 159 238 245 80 127 244
53 15 2567 193 85 238 121 162 29 173 161 237 121 246 110 236 134 248 238 163 7 237 66 230 230 233 200 214 78 151 23 248 99
54 15 2329 157 116 249 61 234 243 130 113 177 157 203 138 227 9 184 38 239 195 216 27 236 130 163 185 143 128 147 159 207 175
55 15 2273 99 27 208 133 214 168 230 153 178 247 223 236 125 73 209 140 199 161 168 247 182 201 167 237 186 169 213 115 241 58
56 15 2336 120 134 130 211 184 64 195 84 205 64 245 127 192 130 213 232 158 231 175 152 222 213 245 239 227 244 222 104 187 73
57 15 2552 248 210 233 9 247 168 227 155 214 60 193 101 207 87 215 54 126 225 146 219 240 197 217 101 243 36 192 193 243 68
58 15 2082 106 244 202 196 173 141 207 102 157 207 150 32 89 192 151 2 246 78 199 193 224 198 234 27 197 231 102 156 166 74
59 15 2280 219 20 232 44 148 70 248 106 179 240 129 138 138 133 213 189 203 141 168 145 157 15 238 104 157 118 178 78 244 139
60 15 2134 143 234 234 230 184 50 165 188 228 163 243 112 176 9 220 145 173 222 227 121 110 2 115 213 170 134 110 80 170 14
61 15 2373 87 194 250 49 209 230 205 43 184 64 241 174 223 1 116 175 224 139 237 167 234 175 178 97 173 223 237 168 169 111
62 15 2621 195 220 198 19 243 235 219 141 197 247 241 101 208 210 214 64 236 238 206 230 225 23 207 134 226 121 220 187 242 189
63 15 2111 224 40 122 163 216 146 155 140 183 219 157 125 103 206 205 221 203 60 142 146 231 230 172 78 248 112 156 231 122 245
64 15 2661 218 20 242 171 201 175 189 66 219 221 202 93 238 76 242 201 229 41 195 67 189 112 250 156 243 14 247 249 223 39
65 15 2631 204 6 193 245 175 33 232 135 244 239 218 180 226 113 200 168 240 171 219 201 249 149 213 151 226 16 202 94 248 111
66 15 2222 241 164 107 143 207 93 142 175 189 80 143 244 184 75 69 173 186 210 196 161 220 238 235 183 228 150 183 234 248 74
67 15 2309 199 244 193 127 243 125 156 17 240 72 217 152 136 134 239 105 196 5 205 233 217 22 135 75 77 241 196 59 238 231
68 15 2575 173 205 232 139 163 166 219 114 231 112 184 105 246 225 209 79 244 10 231 227 153 191 233 82 235 205 226 76 240 162
69 15 2536 178 22 246 65 242 175 244 89 239 175 185 27 241 148 250 32 235 144 227 218 146 15 230 193 157 20 181 142 170 152
70 15 2459 202 51 233 122 200 229 197 224 133 36 229 110 191 76 232 211 241 187 213 60 230 19 133 227 184 78 242 38 214 18
71 15 2364 196 167 249 223 111 215 244 171 243 6 198 229 181 39 163 223 198 250 147 198 201 159 220 119 173 194 222 10 210 118
72 15 2136 202 44 211 174 163 79 68 139 110 183 168 64 177 175 216 225 167 13 202 3 216 242 228 30 153 130 209 118 180 43
73 15 2454 243 134 213 115 246 73 231 198 245 183 199 34 237 54 192 177 176 39 127 50 231 11 216 226 84 25 202 175 226 83
74 15 2681 215 10 239 97 239 119 220 36 183 4 234 8 180 247 231 106 243 146 197 13 237 99 244 107 232 245 208 22 250 106
75 15 2508 205 19 215 157 206 187 214 123 243 144 184 75 175 86 233 141 188 102 240 115 236 38 195 21 181 242 185 67 236 241
76 15 2150 120 247 198 115 122 67 135 154 225 29 168 59 120 222 217 75 239 188 146 240 206 218 185 150 222 120 172 108 213 235
77 15 2508 199 7 196 183 239 31 208 40 239 42 235 16 214 120 173 86 194 20 224 33 209 69 199 29 137 55 222 31 248 218
78 15 2418 206 80 232 56 134 12 190 26 187 10 167 28 245 9 179 18 242 11 234 142 203 191 247 147 180 238 233 186 144 98
79 15 2529 239 39 235 52 213 67 175 109 242 50 227 144 192 85 198 108 215 94 182 189 137 16 230 240 239 96 230 32 208 66
80 15 2252 220 180 201 192 227 51 214 240 234 247 161 82 174 186 128 158 240 187 130 196 223 136 142 137 156 14 127 164 238 132
81 15 2426 173 7 210 230 218 226 217 9 180 138 138 73 179 60 193 34 225 244 196 198 241 186 220 247 197 174 208 142 238 181
82 15 2394 180 178 203 154 228 193 241 242 190 95 184 100 85 163 191 197 206 32 217 248 207 66 221 167 205 244 201 61 234 27
83 15 2401 235 40 234 6 248 84 210 152 198 54 200 214 233 187 165 141 207 240 190 26 143 240 204 98 237 93 127 53 171 130
84 15 2404 237 111 182 12 209 242 176 125 233 238 165 168 246 60 234 232 211 68 173 91 233 4 202 92 120 220 193 7 191 160
85 15 2320 178 53 178 142 157 136 205 244 126 206 250 84 213 230 156 118 195 55 243 99 193 149 152 9 160 194 246 101 249 68
86 15 2440 232 166 48 20 245 167 223 17 157 174 209 242 228 190 200 202 243 23 208 20 231 243 199 205 217 60 236 1 175 7
87 15 2256 66 164 208 82 220 4 228 165 52 226 230 83 223 78 240 165 200 94 231 145 177 71 246 245 234 164 93 14 173 154
88 15 2580 153 184 219 69 195 198 221 160 226 142 240 7 235 168 126 159 206 97 243 220 247 179 247 171 216 216 217 193 234 203
89 15 2479 249 244 232 237 197 118 235 80 199 41 151 49 191 114 196 118 249 123 234 202 243 210 139 66 186 16 184 107 214 139
90 15 2274 66 196 200 153 239 48 241 156 217 71 133 195 190 26 239 29 224 70 164 172 230 218 174 62 230 17 137 191 159 112
91 15 2592 248 240 171 45 247 95 226 221 228 96 197 205 228 138 228 20 153 60 190 214 250 175 226 2 189 86 214 247 245 113
92 15 2444 248 42 189 93 184 79 206 3 231 99 189 31 238 78 96 238 230 188 179 250 219 104 245 204 217 52 225 102 159 33
93 15 2547 194 58 186 45 245 215 240 82 223 179 188 43 185 227 238 95 249 182 239 44 198 152 241 161 173 132 171 64 214 25
94 15 2248 161 244 233 116 207 176 114 209 87 16 235 229 127 40 214 3 214 22 136 165 191 135 231 4 171 162 240 38 249 167
95 15 2492 239 21 247 4 244 72 204 196 148 34 171 56 210 170 245 101 154 44 229 47 206 133 239 144 171 74 214 8 195 224
96 15 2392 141 204 206 94 210 102 185 200 220 230 138 75 222 155 208 14 244 229 215 46 193 171 219 175 120 125 232 187 238 66
97 15 2315 211 244 236 96 167 103 105 110 226 174 94 229 237 234 239 13 207 194 231 242 245 128 249 129 121 100 223 180 103 218
98 15 2574 201 185 227 64 228 198 209 142 159 114 247 43 233 139 182 143 232 11 232 139 220 78 249 188 213 157 223 152 163 124
99 15 2284 223 192 246 26 147 81 213 156 229 36 135 77 26 3 213 179 212 18 173 80 227 124 199 29 223 6 171 214 219 116
100 15 2507 197 240 231 211 238 230 195 145 208 131 226 32 186 214 250 98 156 199 215 247 238 145 114 181 207 187 250 3 223 181
101 15 2401 195 21 245 112 230 128 183 70 234 148 232 120 234 78 194 197 191 238 191 232 210 54 213 49 233 138 109 158 108 46
102 15 2453 199 103 156 216 132 62 247 238 240 186 245 150 193 80 210 75 167 74 212 205 213 183 189 111 228 248 208 167 228 103
103 15 2344 154 119 164 33 211 234 130 191 225 237 250 171 135 68 231 127 150 169 233 137 172 48 236 236 221 24 215 38 204 136
104 15 2517 232 85 212 216 183 107 214 109 195 213 244 23 129 153 215 233 205 234 217 95 235 69 245 248 245 166 202 14 174 151
105 15 2572 244 190 203 212 174 143 149 99 205 24 232 207 228 107 229 16 231 213 227 135 241 135 233 98 201 19 212 32 207 24
106 15 2455 220 13 248 99 197 169 230 97 129 126 235 12 178 78 125 238 241 67 150 94 221 241 242 178 250 227 233 47 170 61
107 15 2301 241 236 208 178 142 100 237 74 183 199 151 123 234 42 219 166 220 215 145 246 250 47 148 88 155 177 199 195 145 233
108 15 2356 178 205 218 120 170 78 229 79 150 216 198 226 186 80 172 178 248 148 90 155 174 248 228 49 207 167 248 202 250 187
109 15 2090 183 213 154 32 226 40 197 35 204 2 249 71 172 38 53 61 187 51 155 104 157 248 131 194 200 234 160 145 185 28
110 15 2484 212 66 231 219 222 133 195 121 218 145 240 177 111 29 213 108 169 65 234 200 243 184 178 221 161 71 239 154 240 179
111 15 2478 211 209 202 86 248 4 202 60 226 50 192 195 96 116 231 228 223 71 244 71 243 23 207 157 160 132 243 72 170 176
112 15 2415 231 13 245 58 188 237 233 114 197 168 174 132 226 37 150 154 185 242 238 30 248 47 214 177 163 235 79 39 248 187
113 15 2327 157 17 236 84 232 246 85 212 215 128 200 20 163 81 202 167 242 135 137 192 168 132 191 194 198 70 244 88 239 39
114 15 2322 185 192 177 85 183 210 132 14 204 19 237 47 199 209 245 204 246 104 188 66 187 160 164 246 177 71 144 6 235 36
115 15 2480 245 242 242 67 245 134 241 121 241 57 228 210 245 215 188 36 150 77 101 212 177 127 239 242 90 15 230 53 238 100
116 15 2384 237 129 163 16 171 48 245 108 233 71 218 13 159 179 245 25 164 209 236 19 165 176 175 158 247 205 156 102 166 187
117 15 2490 204 234 204 120 220 249 198 27 182 148 220 156 220 76 212 39 177 96 225 37 246 227 191 180 249 243 138 112 227 96
118 15 2486 169 177 236 210 242 200 199 208 242 14 172 18 154 141 224 157 233 9 248 192 214 15 229 40 197 98 154 130 195 208
119 15 2293 72 99 186 18 149 20 192 187 244 220 236 180 150 77 225 49 95 96 220 48 218 105 226 157 240 26 238 13 176 83
120 15 2449 116 227 190 40 161 41 239 222 247 215 211 214 243 172 249 23 120 35 242 154 246 48 219 199 190 4 174 58 215 164
121 15 2376 150 173 215 155 245 184 143 49 214 95 149 35 234 47 250 46 70 89 233 170 242 115 124 122 242 240 244 91 216 116
122 15 2463 210 115 233 187 173 89 248 115 242 89 214 6 114 143 238 42 184 163 198 84 249 42 209 148 249 233 177 223 141 91
123 15 2470 163 93 207 133 212 39 207 148 236 55 239 55 234 133 145 206 244 169 218 129 249 130 121 127 228 54 239 63 146 215
124 15 2547 216 51 246 88 142 192 210 72 246 110 210 151 247 210 220 243 229 104 174 211 207 138 165 2 230 159 219 181 223 89
125 15 2340 189 155 131 151 72 12 140 20 226 14 212 61 245 99 226 244 224 41 236 64 191 183 244 100 187 160 244 211 158 4
126 15 2490 170 198 175 17 108 73 226 1 236 28 221 79 223 123 231 236 201 23 239 115 212 176 243 159 244 66 247 11 137 87
127 15 2339 139 141 39 58 249 210 222 157 234 69 160 185 127 13 247 13 160 33 243 243 249 117 188 92 250 11 170 125 247 114
128 15 2544 188 42 179 204 141 6 250 77 193 244 239 143 238 13 240 157 208 187 220 133 207 19 214 16 236 66 239 82 189 60
129 15 2265 133 100 229 85 192 84 179 227 206 194 243 151 233 128 211 185 160 160 144 89 202 114 146 197 210 175 227 104 117 81
130 15 2167 73 73 205 201 201 222 220 198 162 16 159 195 193 179 194 179 215 191 201 129 163 87 151 120 217 208 128 29 227 222
131 15 2447 246 250 230 6 239 100 137 93 160 112 218 80 242 244 232 159 170 123 244 199 234 112 225 33 120 195 118 175 244 239
132 15 2380 205 83 193 120 118 135 207 31 213 152 215 144 185 51 221 128 228 37 239 149 238 84 58 82 224 52 207 133 225 192
133 15 2451 227 101 247 15 170 26 203 83 240 158 165 151 211 138 152 24 241 164 151 175 249 148 200 63 212 35 179 145 217 170
134 15 2475 247 122 208 102 200 200 208 140 245 211 224 53 188 96 203 119 221 237 109 6 200 233 194 212 183 156 241 37 223 210
135 15 2423 214 54 156 66 177 76 117 168 225 95 196 207 242 106 229 246 234 158 237 106 175 125 203 211 221 120 208 46 195 197
136 15 2651 245 97 172 216 222 92 211 139 233 192 215 167 232 91 217 181 246 109 180 82 202 9 243 151 233 56 222 37 241 228
137 15 2368 138 108 238 105 195 96 207 200 143 108 248 39 152 33 215 90 195 151 219 237 201 52 222 150 197 57 222 170 169 147
138 15 2217 216 108 142 68 191 146 136 46 210 174 201 182 189 182 208 160 205 210 177 109 245 15 179 100 122 212 140 73 211 103
139 15 2461 143 47 181 45 225 191 230 194 215 17 240 109 241 174 200 94 175 112 169 65 211 104 235 35 218 26 227 9 167 28
140 15 2424 220 128 225 246 170 150 197 47 234 99 177 177 239 25 192 200 201 136 184 115 177 154 209 194 197 222 207 148 202 32
141 15 2384 162 171 140 61 242 163 210 68 249 4 211 143 199 111 214 157 179 206 240 156 184 90 235 67 93 226 175 59 248 172
142 15 2512 225 69 248 209 208 12 217 145 222 244 241 164 177 111 123 189 242 59 224 78 220 176 235 250 237 99 161 135 160 110
143 15 2535 224 93 145 141 231 68 249 102 207 145 196 211 188 103 241 106 223 136 230 88 216 56 214 188 237 230 134 56 234 22
144 15 2399 234 120 235 236 155 178 245 208 233 17 212 104 250 87 238 139 186 53 209 203 157 86 238 3 59 67 166 168 182 199
145 15 2244 206 104 239 166 150 169 206 172 239 225 223 122 167 16 172 120 114 35 204 83 148 232 153 244 199 151 219 185 166 10
146 15 2418 246 94 236 129 200 246 192 116 213 47 199 77 53 70 172 137 206 46 244 73 243 85 233 112 177 146 208 31 201 105
147 15 2408 235 239 110 157 241 233 235 88 248 184 210 90 173 247 237 42 231 149 247 138 169 132 132 13 152 33 248 210 142 87
148 15 2685 187 155 215 166 233 249 246 148 222 9 239 31 224 205 242 138 216 212 209 35 227 152 231 64 224 234 207 81 235 79
149 15 2384 187 38 208 64 209 250 128 60 106 120 219 177 236 19 122 145 232 133 196 231 210 210 202 199 249 17 238 88 238 103
150 15 2487 238 74 237 73 154 170 165 140 173 90 130 190 230 34 223 238 235 147 224 188 217 227 205 91 191 38 239 23 248 60
151 15 2337 139 155 211 40 75 46 239 164 234 219 149 210 235 127 209 226 223 95 239 10 239 194 220 65 152 22 143 198 215 160
152 15 2530 231 149 240 148 183 115 209 32 124 194 221 131 219 193 244 164 239 40 249 147 169 127 219 30 245 55 200 76 171 75
153 15 2280 169 116 219 204 217 186 189 63 243 39 124 173 206 165 191 194 204 119 224 242 230 37 96 177 136 95 224 108 179 91
154 15 2333 116 146 230 43 248 57 236 110 195 244 190 20 181 24 109 109 192 104 234 46 123 29 247 78 220 134 223 33 173 113
155 15 2454 249 61 244 16 209 232 237 37 116 205 163 96 203 197 216 128 227 171 212 237 144 32 241 239 206 36 209 187 192 50
156 15 2085 232 162 119 50 171 158 250 67 69 199 247 124 138 225 90 154 243 250 247 57 72 53 218 208 116 94 197 211 198 20
157 15 2526 240 160 222 122 247 95 160 106 239 180 218 250 220 207 174 242 185 16 195 159 230 24 231 137 187 88 238 82 172 155
158 15 2300 129 122 225 97 216 170 173 140 205 196 83 53 182 38 235 153 197 133 231 70 240 141 219 29 178 52 136 120 227 249
159 15 2252 237 201 235 19 201 33 238 133 188 2 158 224 190 27 159 233 113 132 151 4 179 209 224 37 152 54 193 105 197 207
160 15 2404 250 216 246 115 121 160 218 164 182 120 205 229 207 197 240 249 247 20 74 193 212 145 238 250 181 43 230 33 154 235
161 15 2481 241 106 240 151 173 64 211 106 237 158 227 203 216 106 126 27 215 121 199 234 230 173 161 81 230 214 153 127 243 209
162 15 2565 242 163 138 19 139 66 204 37 240 245 223 57 226 174 193 145 221 2 230 58 225 175 239 92 229 70 239 3 219 95
163 15 2456 210 245 232 78 195 101 237 79 241 172 235 196 182 57 207 32 178 198 119 248 211 120 165 225 210 212 226 162 223 226
164 15 2483 244 148 184 163 169 132 210 163 94 113 227 76 233 110 221 11 236 44 235 114 175 147 245 129 189 217 223 220 219 227
165 15 2428 242 144 246 146 130 132 201 189 222 178 239 229 113 191 246 2 244 49 165 79 232 109 242 45 160 116 167 203 187 242
166 15 2454 210 220 181 190 235 37 60 214 249 217 157 177 229 196 182 134 196 139 222 77 228 235 222 152 222 102 229 89 246 171
167 15 2646 217 30 249 51 200 126 244 59 195 175 221 130 249 65 166 77 246 135 230 16 194 240 236 72 174 235 245 45 242 73
168 15 2329 189 228 211 147 110 249 219 233 167 62 230 186 201 219 166 179 143 56 177 23 194 149 181 235 231 206 250 99 243 233
169 15 2343 241 135 189 236 238 87 99 13 200 186 236 118 213 206 167 83 209 193 215 44 149 235 206 99 240 165 82 21 245 82
170 15 2616 197 138 178 131 246 26 191 218 246 6 247 103 232 185 250 218 225 108 157 47 238 198 239 219 201 75 179 81 245 193
171 15 2624 225 246 226 76 83 136 181 128 245 184 248 206 248 37 231 165 240 139 211 169 198 172 206 244 246 206 243 28 250 209
172 15 2455 238 154 160 175 240 127 160 148 158 147 219 28 235 148 211 193 214 33 231 12 234 147 144 205 241 151 228 92 156 37
173 15 2297 91 248 180 14 247 138 226 195 218 17 196 127 219 140 175 50 227 184 169 133 86 134 207 218 223 49 185 141 223 229
174 15 2432 249 113 217 3 244 56 138 29 204 181 105 248 123 50 207 88 231 186 159 175 227 244 246 247 232 105 224 156 234 70
175 15 2536 181 31 139 5 237 1 241 6 219 29 221 240 249 100 208 97 248 173 207 122 177 184 184 204 191 8 219 245 250 191
176 15 2484 210 225 148 129 141 150 179 220 239 31 205 90 225 245 188 136 237 220 217 76 241 15 184 200 248 14 203 147 241 17
177 15 2279 92 40 233 169 107 182 180 103 201 186 199 219 210 182 215 22 244 139 192 35 217 244 234 250 195 74 178 174 152 116
178 15 2475 242 44 220 206 188 244 249 234 161 35 242 78 248 143 243 9 172 122 225 122 193 78 152 55 174 11 218 247 167 63
179 15 2368 202 93 192 29 196 230 248 9 218 157 234 234 206 174 217 127 214 168 170 31 111 49 147 128 249 145 210 2 146 99
180 15 2553 225 146 249 86 204 48 207 24 247 217 247 27 247 75 201 146 222 7 240 87 207 26 195 158 192 15 185 180 124 178
181 15 2445 232 28 190 156 245 48 187 123 153 100 201 217 246 239 168 200 241 126 228 226 247 141 167 50 175 220 162 230 215 194
182 15 2461 225 79 189 30 168 12 186 78 158 197 243 244 250 166 229 33 229 177 126 200 181 188 223 105 230 196 218 28 222 225
183 15 2403 209 131 200 21 143 117 225 123 99 26 235 118 210 39 218 78 195 153 180 178 223 43 236 233 242 25 210 233 179 57
184 15 2400 203 209 192 115 225 204 144 230 163 116 148 182 228 139 211 67 195 47 221 90 239 24 239 72 229 124 234 245 129 171
185 15 2500 235 217 239 174 172 151 232 201 152 106 224 166 219 150 246 222 205 182 238 173 219 220 228 182 233 174 114 200 170 138
186 15 2465 210 22 222 18 204 164 230 20 211 43 224 38 167 6 204 62 164 23 152 69 225 34 171 115 225 97 249 190 224 96
187 15 2471 171 10 194 128 241 218 223 250 215 117 215 246 234 4 228 119 216 118 200 21 136 17 192 88 128 153 249 214 247 18
188 15 2434 235 49 149 168 157 166 180 83 226 161 242 7 242 229 224 36 169 154 226 231 222 210 152 160 238 194 220 188 161 250
189 15 2453 175 134 241 46 198 88 237 147 247 82 195 117 193 146 246 186 234 178 170 242 171 160 214 16 192 100 127 3 227 162
190 15 2584 199 5 194 1 230 130 210 151 218 83 229 204 239 234 208 220 224 32 220 229 146 62 211 35 226 35 238 217 239 241
191 15 2533 153 66 226 35 227 148 232 118 178 10 237 201 240 230 191 247 241 249 247 19 241 200 216 186 144 49 182 232 212 74
192 15 2360 150 86 168 12 182 15 174 218 193 243 238 229 226 193 146 4 188 124 230 112 194 69 232 142 213 34 187 12 229 132
193 15 2463 240 159 198 143 208 83 196 51 248 6 146 172 220 135 227 215 250 40 176 61 137 246 239 4 229 6 219 43 146 250
194 15 2315 172 139 139 208 69 102 241 34 189 241 163 99 242 54 236 176 203 177 216 212 226 10 148 38 172 225 243 201 235 132
195 15 2512 227 63 236 108 248 33 172 122 240 48 228 84 228 86 167 133 221 73 250 102 231 156 192 113 234 71 131 185 136 183
196 15 2557 232 195 177 98 232 38 215 193 179 47 218 239 243 115 204 195 226 13 215 175 189 77 241 193 180 95 228 216 218 202
197 15 2296 198 110 182 183 232 224 148 106 203 22 210 46 232 233 183 188 227 119 124 96 167 87 225 238 76 27 215 184 248 94
198 15 2196 177 65 169 60 191 72 167 48 134 78 100 207 205 204 236 124 234 88 215 68 144 226 229 88 181 55 168 1 195 81
199 15 2579 233 190 190 22 193 101 223 100 197 3 221 59 123 250 232 41 246 174 203 166 239 11 249 120 234 40 245 8 196 202
200 15 2353 196 50 228 103 153 207 168 194 91 144 246 243 146 165 213 165 227 159 230 29 232 30 208 247 240 133 195 108 169 218
201 15 2339 226 120 237 153 210 206 245 9 234 103 229 30 239 87 127 15 98 219 231 35 124 13 245 130 81 133 171 128 227 42
202 15 2368 102 169 247 180 232 129 224 19 197 195 107 132 249 239 205 52 182 36 250 160 163 105 205 137 244 41 217 53 137 12
203 15 2493 189 9 189 180 232 123 179 147 229 133 155 59 243 78 227 168 240 98 211 79 151 14 245 79 238 10 235 115 154 52
204 15 2343 171 84 202 84 223 94 212 211 182 2 94 245 225 206 204 191 244 2 213 193 226 44 151 153 222 25 173 20 187 62
205 15 2541 206 163 165 39 241 123 215 236 244 117 158 39 95 222 234 86 237 57 243 205 189 131 216 38 244 96 245 42 245 20
206 15 2425 139 204 159 139 181 170 218 188 173 12 218 145 171 206 232 63 242 137 250 71 217 125 218 1 250 189 172 145 192 152
207 15 2469 205 142 236 90 222 4 229 224 242 237 195 82 233 118 214 42 234 1 184 87 238 61 216 190 76 55 193 85 170 19
208 15 2362 153 150 198 81 235 185 232 197 195 52 172 210 124 155 232 19 238 198 205 187 158 211 116 211 239 172 219 32 237 173
209 15 2547 174 230 180 75 218 15 183 232 244 151 198 22 221 248 221 71 216 227 222 141 246 114 239 195 237 144 216 87 169 174
210 15 2345 201 126 177 191 226 128 235 198 100 250 163 23 133 24 243 184 219 30 234 125 219 136 228 146 169 247 151 227 234 67
211 15 2432 216 45 206 41 205 84 224 231 246 12 214 94 177 153 124 212 148 138 139 189 237 3 216 39 233 139 250 128 206 141
212 15 2463 136 210 177 176 240 204 209 82 192 46 197 147 213 131 154 121 218 72 215 100 241 118 223 164 211 184 242 106 211 44
213 15 2571 225 37 227 16 233 87 198 246 236 227 205 89 232 135 203 194 247 30 246 88 196 109 222 163 177 248 134 133 233 103
214 15 2376 188 188 185 231 215 35 141 108 248 116 216 148 205 111 201 153 166 243 189 200 219 178 210 24 202 40 166 179 220 52
215 15 2272 247 164 196 2 119 244 203 141 207 86 129 45 167 150 245 218 249 171 230 76 139 233 178 201 241 191 43 236 247 158
216 15 2438 232 207 232 71 219 233 226 166 186 179 217 108 183 84 146 76 180 169 230 87 225 74 250 140 174 13 220 100 128 30
217 15 2476 206 121 226 223 187 16 233 100 121 149 149 21 194 241 245 136 218 49 241 226 238 239 186 91 249 46 222 155 181 10
218 15 2518 215 229 217 176 206 68 207 145 222 52 160 33 198 227 175 106 180 217 185 55 243 183 230 94 247 40 226 233 237 85
219 15 2234 227 234 244 238 195 120 210 108 85 85 117 100 104 64 214 51 240 248 242 176 203 112 248 118 159 97 87 88 218 190
220 15 2167 119 181 131 106 245 134 123 85 228 83 167 229 157 213 202 66 156 26 208 155 199 26 203 15 208 111 209 179 154 61
221 15 2517 215 31 224 65 197 56 233 115 197 8 230 144 214 146 198 111 135 161 217 161 213 243 233 157 242 20 203 85 196 217
222 15 2436 224 5 221 38 250 231 192 154 224 246 191 129 185 82 160 131 165 86 201 165 228 243 246 10 245 249 178 119 136 98
223 15 2516 235 29 136 26 222 2 229 107 231 232 230 161 244 213 148 199 162 147 184 42 217 81 189 59 242 13 235 245 241 131
224 15 2660 184 17 211 102 186 139 213 215 250 73 232 3 169 22 246 173 246 126 242 141 242 141 226 191 230 161 216 94 232 57
225 15 2472 228 156 245 64 219 123 195 134 202 245 249 163 178 198 143 121 243 25 218 103 235 128 242 8 119 242 142 79 232 112
226 15 2358 250 213 205 101 244 120 164 214 243 227 137 250 211 241 176 48 169 93 247 215 148 130 185 123 124 30 210 48 235 3
227 15 2501 231 39 170 240 228 173 213 227 237 8 190 45 232 53 143 105 228 103 190 235 202 84 215 229 200 67 213 9 235 31
228 15 2583 249 10 224 15 191 227 242 53 247 33 229 200 162 229 218 143 136 153 232 128 211 130 222 149 220 74 215 201 231 208
229 15 2603 220 136 238 138 247 193 169 113 233 172 201 116 201 133 118 48 244 3 204 7 247 247 206 87 248 50 240 40 238 77
230 15 2535 182 50 215 141 232 108 237 41 185 26 195 212 215 52 235 226 197 13 117 178 205 40 245 142 243 238 236 29 230 17
231 15 2544 243 67 194 118 217 213 181 24 201 180 213 114 237 231 183 53 246 180 151 21 231 232 197 115 238 113 211 49 237 202
232 15 2168 86 14 172 175 239 69 220 76 223 200 195 18 167 232 212 164 241 65 171 167 161 82 208 51 82 38 178 72 155 58
233 15 2372 200 219 131 110 247 60 191 74 209 120 231 128 209 48 202 214 250 159 212 89 237 42 135 214 110 153 222 44 180 211
234 15 2592 248 95 249 247 237 142 182 180 242 26 233 53 95 250 197 186 248 241 240 169 248 191 222 184 159 166 242 83 198 52
235 15 2368 193 155 248 154 138 149 224 182 164 155 198 179 236 81 226 227 173 27 177 196 235 245 232 82 53 144 220 117 244 38
236 15 2185 174 195 241 50 246 130 96 42 106 5 186 213 186 30 156 225 235 175 223 112 138 202 143 188 245 218 174 108 183 239
237 15 2519 223 5 226 234 178 203 211 244 233 94 232 239 237 84 243 34 168 194 171 107 194 176 241 9 221 156 243 117 128 6
238 15 2156 205 146 192 74 213 88 240 209 125 107 140 41 138 91 120 174 174 119 207 21 248 16 224 40 123 66 247 111 99 191
239 15 2245 159 98 183 63 183 19 241 66 198 38 218 217 198 40 217 107 190 13 248 167 78 69 201 21 211 103 169 144 113 18
240 15 2464 238 192 172 43 221 39 157 126 226 198 225 185 235 87 116 22 227 196 174 20 182 206 248 42 247 160 242 55 170 117
241 15 2412 177 81 144 214 193 63 195 162 200 151 248 47 235 49 119 3 173 47 225 24 246 136 243 69 201 240 231 120 186 24
242 15 2468 215 151 225 27 126 151 210 190 245 81 247 197 216 69 234 143 217 29 163 219 140 82 212 190 222 188 225 80 189 226
243 15 2444 143 175 204 197 244 103 235 162 155 226 244 63 248 39 187 16 193 68 200 61 214 154 249 195 179 104 234 213 126 117
244 15 2388 207 149 54 105 194 124 232 11 224 36 219 152 225 196 241 33 189 182 158 10 195 172 239 161 226 78 166 200 216 57
245 15 2372 207 36 211 61 226 152 242 186 90 213 177 182 231 185 186 86 242 58 241 166 147 119 222 34 121 56 191 131 232 217
246 15 2444 211 116 152 203 199 108 164 9 192 159 235 181 231 165 195 50 222 201 189 167 207 23 226 2 249 196 234 178 150 108
247 15 2338 151 212 236 184 213 42 249 83 210 41 178 195 200 201 161 70 129 16 249 81 83 31 227 214 194 11 239 88 204 4
248 15 2327 120 126 163 165 229 133 192 101 230 13 175 224 223 32 248 45 182 223 167 146 170 232 246 126 222 170 158 74 184 111
249 15 2572 213 7 244 109 230 93 244 173 201 105 240 141 200 190 250 110 174 39 244 212 240 130 239 97 182 149 190 132 125 5
250 15 2599 246 104 235 80 217 103 231 184 234 186 239 26 160 104 233 19 246 28 197 69 198 19 198 156 225 224 191 103 199 82
