1 15 2341 194 62 133 159 242 152 206 184 217 125 148 87 245 58 84 190 196 211 247 23 166 212 225 200 178 3 202 95 244 106
2 15 2120 194 31 207 195 200 206 219 158 134 165 42 173 220 205 152 51 232 42 216 145 201 24 214 126 46 95 242 49 131 206
3 15 2500 171 23 237 131 243 206 209 7 226 181 216 93 228 2 227 108 199 5 223 154 99 29 229 129 242 205 246 116 131 162
4 15 2266 222 242 97 134 142 79 68 93 215 64 126 67 226 160 125 145 209 136 240 122 244 54 210 99 221 209 244 159 244 99
5 15 2297 135 207 112 173 141 86 237 224 138 103 208 53 224 151 229 133 232 164 250 37 234 187 155 167 190 199 172 79 215 63
6 15 2344 172 18 217 176 205 219 249 170 232 113 121 225 138 246 186 217 221 128 186 192 239 13 120 126 165 175 237 233 242 178
7 15 2220 84 223 231 120 190 130 244 135 190 208 233 146 170 54 170 189 227 103 172 152 212 146 215 80 221 65 121 82 95 171
8 15 2088 110 42 246 33 229 244 237 208 200 96 182 184 124 170 59 123 153 221 201 129 199 122 216 122 211 123 169 173 74 89
9 15 2289 159 222 231 65 139 185 144 85 239 140 211 166 241 29 216 13 235 174 208 109 198 218 97 222 119 3 226 131 199 131
10 15 2476 235 227 224 83 196 75 222 201 219 177 234 185 229 179 135 123 168 181 249 246 226 76 230 135 148 9 215 83 165 157
11 15 2432 198 111 242 81 219 31 241 151 38 132 227 5 211 83 235 208 192 120 99 240 244 42 231 31 250 18 164 64 250 72
12 15 2219 193 74 245 183 139 233 202 46 181 217 149 103 231 173 141 175 193 56 220 166 238 127 122 6 213 80 204 225 103 191
13 15 2029 167 186 209 45 227 29 215 99 216 6 178 223 77 200 89 158 156 31 201 45 101 160 205 116 232 37 127 27 137 190
14 15 2617 197 170 212 201 238 4 221 225 221 177 218 120 247 132 146 127 239 237 187 99 245 11 234 144 187 17 249 137 231 248
15 15 2089 196 177 161 29 126 172 113 148 231 25 192 78 220 95 205 91 162 67 160 34 213 193 168 223 208 21 111 166 146 109
16 15 2144 112 24 238 232 147 16 180 228 246 217 196 168 235 164 246 13 107 233 236 101 212 73 179 151 78 192 25 7 243 7
17 15 2252 127 175 137 242 224 173 242 22 207 22 87 86 207 166 215 82 176 211 179 178 244 250 201 216 223 145 221 105 126 30
18 15 2445 203 159 112 38 240 222 183 213 229 87 239 235 181 82 177 216 228 248 211 250 184 43 186 241 241 53 246 186 197 57
19 15 2000 186 134 112 215 71 176 206 111 164 207 163 234 90 113 175 138 79 29 232 139 238 180 226 136 148 18 189 58 222 120
20 15 2321 239 125 153 203 141 122 214 173 248 182 245 106 118 84 233 58 136 123 217 228 217 175 217 226 201 40 73 61 250 18
21 15 2032 180 144 208 195 109 233 195 241 109 106 115 158 214 154 66 89 121 187 180 6 176 210 248 179 171 240 250 77 199 93
22 15 2039 164 243 225 38 207 90 227 91 125 75 195 18 99 124 156 85 233 106 70 103 195 89 103 9 223 101 136 221 191 39
23 15 2036 33 143 243 191 155 45 141 94 203 186 127 179 212 159 244 96 239 206 108 205 240 68 66 209 230 168 178 152 127 220
24 15 2264 238 108 224 40 207 22 156 216 219 131 224 83 191 39 130 168 178 233 82 189 182 176 238 235 173 12 226 246 162 244
25 15 2309 109 98 188 77 139 97 232 237 249 109 220 1 128 124 246 169 177 49 227 82 220 130 216 31 79 119 234 76 223 12
26 15 2243 219 63 148 163 227 210 160 172 193 110 198 28 196 150 219 241 214 215 160 63 210 40 220 28 116 216 126 24 198 130
27 15 1981 179 11 108 93 201 194 108 50 108 191 37 94 212 236 249 173 212 195 177 151 142 10 179 211 232 188 131 232 202 215
28 15 2066 214 72 136 211 130 214 215 100 98 204 158 118 92 93 235 7 181 192 185 100 167 183 197 230 153 163 202 90 220 234
29 15 2140 213 206 228 209 127 30 68 59 240 149 234 63 165 42 223 179 210 209 248 41 39 99 107 163 203 174 175 216 195 129
30 15 1975 167 25 223 29 211 249 176 227 152 65 142 188 142 155 98 205 160 38 58 92 216 165 202 244 225 189 133 28 164 57
31 15 2102 234 109 106 162 146 248 180 7 222 36 241 122 171 90 244 69 169 205 169 248 183 178 217 224 48 155 169 143 129 100
32 15 2180 239 27 186 150 248 20 102 123 199 128 195 11 33 125 248 38 178 53 221 61 114 57 212 106 187 142 123 122 241 120
33 15 2190 98 242 235 224 248 217 222 45 58 117 239 17 235 128 128 220 137 135 182 228 115 89 215 4 188 178 198 160 240 19
34 15 2358 236 124 179 249 227 87 239 178 229 128 174 130 247 221 198 218 107 79 191 148 237 168 99 125 221 40 239 100 125 54
35 15 2212 231 179 138 85 135 169 245 110 179 172 146 59 133 146 228 200 169 86 246 27 240 161 139 40 119 135 185 70 232 27
36 15 2036 174 77 89 209 236 143 242 248 239 60 103 92 117 222 99 203 171 239 204 13 218 4 219 54 137 69 229 242 69 69
37 15 2026 238 109 190 139 101 111 232 177 233 55 215 122 177 93 233 176 117 237 60 178 154 51 103 156 201 129 195 239 84 46
38 15 2329 140 246 247 11 195 45 191 149 228 113 248 29 219 249 208 250 132 77 184 227 92 4 187 166 169 22 231 199 241 87
39 15 2206 215 74 214 218 238 243 225 82 80 139 224 111 210 234 136 27 167 129 202 24 128 158 131 83 165 110 238 199 185 103
40 15 1820 189 190 142 227 102 132 162 125 123 121 167 209 130 6 126 204 112 136 158 179 247 61 172 137 54 95 191 65 201 2
41 15 2174 215 34 132 229 134 152 209 156 225 194 188 83 101 239 84 61 184 183 226 47 229 246 148 60 219 122 208 61 216 195
42 15 2403 250 226 190 74 136 33 212 47 238 184 69 15 212 107 204 178 246 113 246 88 220 213 250 86 233 41 198 168 100 122
43 15 2124 196 16 214 136 142 63 241 94 233 129 32 217 231 46 101 152 204 23 234 194 185 17 120 136 120 98 211 192 192 89
44 15 2382 225 70 201 205 160 246 229 195 239 238 211 132 114 175 178 26 206 235 145 103 186 227 250 216 215 217 229 249 190 242
45 15 2360 244 113 186 216 214 236 142 103 211 192 225 122 213 59 210 50 226 248 197 11 202 141 202 36 160 21 132 178 186 166
46 15 2181 220 57 168 199 180 87 171 104 165 125 156 136 219 1 220 213 194 144 161 147 121 147 160 88 244 38 116 146 232 38
47 15 2348 162 62 233 65 239 173 191 149 250 42 202 183 74 200 153 85 235 83 234 30 213 75 102 111 182 69 226 221 239 29
48 15 2190 209 65 221 248 215 83 246 187 137 190 215 141 178 134 205 121 227 221 223 143 60 18 226 7 145 62 120 66 111 131
49 15 2152 229 234 234 178 222 51 79 130 205 18 223 178 154 70 116 41 249 73 105 147 173 239 174 92 185 116 158 69 184 234
50 15 2350 161 221 216 237 212 8 226 163 248 188 190 115 98 157 197 57 122 152 217 63 223 224 242 67 94 99 245 66 247 53
51 15 2140 165 82 106 249 248 155 210 88 195 218 155 229 242 116 135 55 246 113 232 183 108 88 152 218 188 231 227 22 66 159
52 15 2183 34 30 206 7 180 131 204 118 239 158 147 92 233 163 240 239 201 110 235 49 225 27 120 97 79 115 182 69 204 216
53 15 1939 184 202 224 188 175 10 245 219 127 102 68 230 212 123 142 13 62 53 146 166 226 238 100 91 169 155 163 201 181 80
54 15 2468 184 167 173 113 215 3 167 205 184 144 248 240 231 179 245 75 242 150 207 81 209 228 152 200 228 198 187 38 214 90
55 15 2219 82 228 112 177 110 8 215 105 193 203 115 43 216 139 193 17 239 227 207 150 230 157 237 88 249 62 239 107 137 69
56 15 2078 247 84 157 50 187 168 175 42 42 243 209 245 169 156 47 89 170 152 140 82 172 60 246 122 242 78 235 106 160 217
57 15 2418 165 114 207 4 186 203 216 76 235 145 155 183 237 185 222 239 189 230 147 203 163 11 214 28 241 54 197 99 249 125
58 15 2239 137 25 224 114 132 50 214 182 231 32 101 119 207 79 139 221 244 51 171 212 158 30 239 180 172 28 248 206 182 74
59 15 2259 64 159 175 218 177 170 117 104 195 206 227 43 162 89 164 127 210 202 203 179 187 210 244 234 209 23 242 18 248 173
60 15 2323 232 75 120 188 54 81 225 160 205 121 244 198 226 21 218 169 236 106 217 113 191 122 151 195 189 205 179 84 217 200
61 15 2619 241 77 200 210 227 118 248 154 249 177 234 167 230 107 207 174 171 7 96 86 228 125 229 165 242 242 238 144 234 197
62 15 2152 143 33 186 226 117 35 248 81 198 154 156 60 148 65 140 134 196 146 236 76 135 49 185 175 188 25 165 122 249 99
63 15 2316 231 128 185 42 188 212 215 197 242 112 237 175 234 227 219 40 221 222 182 227 79 168 171 211 171 170 130 143 190 229
64 15 2366 201 181 219 90 208 175 242 34 204 118 226 135 56 37 162 185 245 144 229 146 244 139 209 18 126 236 143 185 244 110
65 15 2274 234 45 242 208 250 191 249 54 21 88 197 128 55 97 200 62 208 145 145 2 174 182 237 179 240 199 240 3 151 190
66 15 2221 134 76 247 22 239 122 223 23 179 218 105 133 151 239 243 197 230 148 173 107 202 241 145 213 247 19 143 235 116 137
67 15 2400 249 164 181 214 233 185 244 153 212 73 104 7 210 73 214 42 241 244 113 9 231 104 225 98 233 139 90 60 220 41
68 15 2090 159 186 204 204 160 159 250 14 100 114 127 136 100 60 232 74 120 161 235 228 189 131 216 235 230 3 220 56 71 75
69 15 2069 218 66 209 53 233 180 91 59 96 44 197 143 150 60 204 11 206 116 118 16 221 187 150 182 51 192 200 25 243 61
70 15 2154 145 78 154 126 218 18 95 74 160 88 246 35 189 35 246 128 159 238 245 80 127 244 116 125 193 85 238 121 162 29
71 15 2194 164 28 246 110 236 134 146 84 175 101 88 8 163 7 237 66 230 230 233 200 111 55 169 61 94 36 237 35 214 78
72 15 2173 69 203 176 112 248 99 162 182 185 65 235 97 232 234 130 113 177 157 203 138 169 122 220 31 109 37 175 137 227 9
73 15 2165 239 195 216 27 198 201 163 185 143 128 133 72 214 175 147 159 104 35 248 141 207 175 247 205 158 118 167 4 123 3
74 15 2180 94 90 194 61 217 155 230 153 178 247 175 89 175 56 223 236 125 73 209 140 199 161 209 87 182 201 167 237 149 28
75 15 2231 186 169 213 115 102 4 130 211 164 188 212 146 177 133 249 103 184 64 195 84 205 64 245 127 192 130 213 232 122 31
76 15 2363 158 231 175 152 222 213 186 245 227 244 205 222 187 73 250 241 248 210 138 41 211 8 233 9 149 247 227 155 138 92
77 15 2012 214 60 193 101 207 87 69 215 115 200 219 175 205 126 128 125 219 229 146 219 240 197 128 37 157 145 217 101 59 86
78 15 1982 243 36 192 193 243 68 202 196 173 141 42 45 167 31 207 102 157 207 150 32 89 192 22 181 225 12 142 134 224 198
79 15 2204 239 177 234 27 197 231 146 14 206 85 102 156 166 74 172 23 219 20 232 44 148 70 248 106 179 240 129 138 138 133
80 15 2004 191 111 166 188 207 203 168 145 155 155 54 77 177 222 238 104 149 52 51 115 157 118 178 78 244 139 228 13 143 234
81 15 1873 163 82 165 188 228 163 243 112 176 9 220 145 173 222 227 121 110 2 115 213 40 11 112 95 101 162 199 5 70 46
82 15 2340 170 14 250 49 209 230 234 73 184 64 241 174 161 223 60 132 193 105 204 227 226 1 237 167 234 175 150 178 173 223
83 15 2096 123 157 228 46 78 30 148 101 110 2 212 111 195 220 166 137 229 35 55 219 197 247 241 101 189 208 214 64 236 238
84 15 2423 201 207 206 230 225 23 207 134 163 186 229 54 226 121 220 187 242 189 160 151 216 146 155 140 183 219 168 100 228 146
85 15 2153 236 35 125 57 103 206 151 163 181 114 205 221 203 60 142 146 246 231 172 78 248 112 156 231 122 245 184 137 218 20
86 15 1959 164 22 189 66 219 221 202 93 69 115 206 120 105 17 145 215 26 57 116 86 196 133 103 142 238 76 242 201 229 41
87 15 2323 105 147 195 67 189 112 250 156 243 14 171 8 223 39 72 193 175 33 232 135 244 239 218 180 226 113 130 1 231 27
88 15 2196 140 240 219 201 249 149 213 151 226 16 202 94 248 111 107 143 228 179 142 175 189 80 143 244 184 75 69 173 186 210
89 15 2304 220 238 235 183 228 150 128 183 248 74 112 193 243 125 156 17 240 72 213 217 136 134 239 105 154 22 111 79 218 111
90 15 2224 197 96 205 233 217 22 171 219 225 69 135 75 77 241 196 59 238 231 206 217 68 173 232 139 163 166 219 114 231 112
91 15 2402 246 225 209 79 244 10 231 227 153 191 233 82 235 205 236 89 115 232 115 189 170 93 226 76 240 162 172 243 178 22
92 15 2416 167 83 246 65 242 175 216 244 188 64 185 27 241 148 250 32 235 144 227 218 146 15 169 230 157 20 181 142 170 152
93 15 2289 211 65 143 223 202 51 151 127 200 229 197 224 133 36 229 110 208 135 179 168 191 76 232 211 241 187 213 60 132 105
94 15 1851 230 19 133 227 52 169 94 29 248 53 128 242 154 25 231 148 214 18 152 55 111 215 91 57 114 199 119 192 243 6
95 15 2276 188 164 198 229 142 124 210 85 213 33 223 61 179 98 219 208 198 250 147 198 203 154 237 207 239 50 121 66 129 159
96 15 1857 173 194 222 10 210 118 111 211 163 79 68 139 110 183 115 237 247 235 168 64 177 175 246 141 129 248 19 136 164 88
97 15 2264 109 194 216 225 141 129 201 177 63 161 202 3 216 242 228 30 153 130 209 118 180 43 220 1 234 146 213 115 246 73
98 15 2000 215 195 51 231 245 183 157 50 237 54 128 192 176 39 127 50 231 11 216 226 144 54 138 219 149 7 217 103 70 90
99 15 1965 84 25 202 175 226 83 217 220 77 96 194 159 215 10 239 97 239 119 146 218 237 191 126 195 141 148 26 138 88 180
100 15 2560 247 85 231 106 243 146 197 13 237 99 112 171 218 103 244 107 232 245 208 22 250 106 202 65 205 19 215 157 160 116
101 15 2282 206 187 178 41 202 25 214 123 67 13 109 210 188 17 190 228 243 144 184 75 175 86 233 141 188 102 240 115 236 38
102 15 2191 77 62 190 2 110 120 194 111 181 242 136 118 236 241 208 7 247 28 229 221 248 209 182 68 181 66 198 115 122 67
103 15 2052 143 7 117 163 245 221 168 59 70 14 194 222 120 222 126 62 239 188 146 240 206 218 185 150 222 120 172 108 213 235
104 15 2391 199 7 196 183 239 31 208 40 239 42 235 16 181 214 173 86 194 20 224 33 209 69 199 29 137 55 114 100 242 126
105 15 2511 248 218 211 72 206 80 232 56 134 12 190 26 187 10 167 28 245 9 179 18 242 11 234 142 203 191 247 147 214 82
106 15 2480 180 238 233 186 189 91 216 19 144 98 239 247 239 39 235 52 213 67 175 109 206 63 171 190 242 50 227 144 192 85
107 15 2317 215 94 65 186 245 69 118 161 137 16 230 240 239 96 230 32 208 66 206 135 220 180 201 192 141 36 214 240 228 2
108 15 2053 234 247 161 82 174 186 128 158 240 187 162 187 185 107 129 10 223 136 142 137 156 14 127 164 238 132 70 176 198 164
109 15 2096 225 163 180 210 166 218 217 217 119 41 217 88 180 138 138 73 32 104 121 65 225 244 143 196 241 186 220 247 197 174
110 15 1985 238 181 132 171 143 53 130 73 180 178 203 154 228 193 241 242 233 190 184 100 85 163 191 197 206 32 66 96 22 60
111 15 2403 207 66 221 167 170 205 201 61 234 27 168 30 235 40 234 6 248 84 83 210 198 54 200 214 233 187 165 141 207 240
112 15 1875 143 240 204 98 237 93 62 70 122 216 156 180 106 145 103 114 92 161 127 53 171 130 193 242 237 111 182 12 209 242
113 15 2097 85 137 176 125 92 108 230 16 233 238 165 168 114 213 161 38 173 248 234 232 204 211 126 237 223 130 173 91 233 4
114 15 2300 228 192 202 92 120 220 170 164 234 97 234 27 191 160 178 142 157 136 205 244 203 63 165 30 126 206 250 84 213 230
115 15 2128 203 195 243 99 46 157 226 106 131 98 191 152 160 194 246 101 249 68 221 181 232 166 48 20 88 126 131 88 245 167
116 15 2316 157 174 209 242 228 190 200 202 154 94 215 78 214 98 218 160 138 231 138 131 217 60 236 1 175 7 176 5 220 4
117 15 2011 52 226 230 83 223 78 240 165 200 94 68 42 163 19 231 145 177 71 60 48 184 225 240 59 105 102 234 15 107 183
118 15 2257 137 199 246 245 234 164 93 14 173 154 219 69 147 208 158 112 195 198 125 159 173 44 221 160 226 142 240 7 235 168
119 15 2262 235 249 126 159 115 206 243 220 247 179 115 177 137 41 247 171 216 216 217 193 234 203 105 73 162 124 232 237 197 118
120 15 2119 206 87 235 80 199 41 159 119 121 117 142 201 191 114 196 118 14 249 170 44 214 151 234 202 243 210 139 66 186 16
121 15 2193 176 237 184 107 214 139 235 171 66 196 200 153 174 31 192 62 164 31 117 141 239 48 241 156 217 71 133 195 190 26
122 15 2220 125 224 175 164 230 218 202 145 237 156 174 62 230 17 174 82 96 14 137 191 159 112 170 53 248 240 171 45 247 95
123 15 2379 228 96 187 159 163 239 197 205 228 138 188 104 249 228 111 93 118 153 210 129 240 214 190 214 250 175 226 2 189 86
124 15 2169 241 238 214 247 245 113 250 92 248 42 187 118 126 42 189 93 184 79 206 3 74 75 170 189 238 78 96 238 44 40
125 15 2300 230 188 179 250 178 219 245 204 217 52 225 102 159 33 187 199 154 21 199 23 96 194 186 45 245 215 133 169 243 236
126 15 2228 207 163 223 202 223 179 82 188 240 185 190 238 249 182 183 239 105 196 202 208 198 152 241 161 93 42 171 64 179 78
127 15 1915 79 214 122 237 111 161 233 116 207 176 118 114 87 16 235 229 120 127 214 3 214 22 136 165 191 135 105 81 222 193
128 15 2077 69 140 240 38 120 249 247 4 244 72 204 196 148 34 171 56 210 170 74 181 126 37 245 101 154 44 158 56 187 21
129 15 2228 179 51 229 47 206 133 239 144 171 74 214 8 195 224 182 83 141 204 56 134 205 216 209 119 226 75 124 206 210 102
130 15 2365 236 196 141 185 220 230 112 104 222 155 208 14 244 229 170 198 187 95 215 46 193 171 219 175 120 125 232 187 238 66
131 15 2164 183 211 236 96 124 96 192 203 193 206 138 105 78 109 94 229 237 234 239 13 146 38 231 242 245 128 249 129 121 100
132 15 2229 103 218 238 100 129 46 209 142 159 114 183 84 138 183 214 49 233 139 182 143 232 11 232 139 220 78 102 249 213 157
133 15 2044 178 208 205 223 163 124 246 26 147 81 213 156 229 36 135 77 145 104 120 1 156 216 213 179 150 95 114 92 141 112
134 15 2390 227 124 199 29 223 6 80 171 219 116 153 13 197 240 231 211 238 230 195 145 208 131 226 32 186 214 250 98 156 199
135 15 2480 238 145 221 53 186 213 175 112 207 187 250 3 223 181 173 15 195 21 245 112 230 128 183 70 234 148 232 120 109 38
136 15 2086 234 78 194 197 191 238 191 232 183 185 63 213 233 138 121 96 182 92 122 109 108 46 209 167 239 126 156 216 182 141
137 15 2450 132 62 247 238 240 186 245 150 193 80 207 169 242 229 210 75 220 23 210 189 167 74 212 205 202 16 151 189 185 119
138 15 2452 213 183 189 111 228 248 208 167 210 228 164 33 211 234 130 191 225 237 250 171 195 94 231 8 231 84 231 127 150 169
139 15 2119 75 82 132 14 172 48 236 236 122 93 246 225 221 24 215 38 204 136 146 216 183 107 75 137 213 221 214 109 195 213
140 15 1980 120 129 215 233 205 234 217 95 235 69 73 245 245 166 202 14 174 151 203 212 61 167 173 241 174 143 149 99 30 205
141 15 2600 235 78 232 207 228 107 229 16 177 212 250 149 227 36 209 99 231 213 138 11 241 135 233 98 201 19 212 32 207 24
142 15 2321 220 13 248 99 197 169 183 78 222 25 230 97 129 126 235 12 115 5 208 150 178 78 125 238 241 67 150 94 221 241
143 15 2190 250 227 233 47 114 170 208 178 105 169 200 157 147 105 237 74 122 13 208 250 149 130 149 48 231 169 151 123 234 42
144 15 2024 155 80 216 183 220 215 145 246 250 47 127 59 155 177 199 195 145 233 140 7 178 205 163 17 107 152 145 165 185 16
145 15 1990 170 78 127 8 105 30 186 173 152 95 178 49 154 121 198 226 186 80 172 178 159 167 171 22 248 148 108 115 174 248
146 15 2357 151 100 90 35 180 207 237 248 250 187 154 32 241 84 174 62 204 2 249 71 195 94 189 195 227 90 212 51 194 157
147 15 2217 144 187 105 140 194 122 155 104 157 248 131 194 185 200 236 212 234 226 160 145 185 28 221 58 212 66 231 219 222 133
148 15 2231 234 161 195 121 218 145 212 240 196 61 244 28 111 29 61 213 169 65 234 200 243 184 178 221 117 181 239 154 138 127
149 15 2317 88 89 202 86 248 4 202 60 226 50 198 173 96 116 121 77 204 153 235 185 223 71 244 71 243 23 207 157 160 132
150 15 2024 140 230 22 31 231 13 245 58 188 237 51 151 221 149 139 125 241 250 233 114 199 64 132 197 197 168 149 39 143 95
151 15 2109 161 217 174 132 194 180 150 154 185 242 238 30 248 47 214 177 163 235 79 39 248 187 118 36 157 17 124 114 184 58
152 15 1941 232 246 85 212 215 128 200 20 163 81 202 167 242 135 137 192 107 190 128 6 249 227 38 191 89 162 118 3 222 239
153 15 1988 185 192 177 85 183 210 162 68 65 216 112 103 103 204 132 237 207 199 245 204 246 104 140 188 187 160 164 246 177 71
154 15 2436 227 94 144 6 235 36 199 181 245 242 152 242 206 245 241 121 241 57 228 210 245 215 188 36 150 77 101 212 243 170
155 15 2282 177 127 78 69 163 93 239 242 160 90 230 53 238 100 235 44 237 129 163 16 171 48 245 108 125 85 245 14 147 159
156 15 2292 179 7 245 25 164 209 236 19 165 176 175 158 247 205 156 102 166 187 244 214 204 234 204 120 136 126 125 106 220 249
157 15 2154 205 249 198 27 182 148 239 220 36 39 228 43 220 76 146 80 168 135 212 39 177 96 115 57 171 50 225 37 171 92
158 15 2340 246 227 91 240 229 82 215 102 230 21 138 112 227 96 236 210 242 200 237 128 242 14 172 18 99 154 175 27 147 124
159 15 2223 198 233 131 14 236 128 248 192 175 87 238 212 214 15 229 40 145 197 154 130 195 208 209 143 72 99 186 18 149 20
160 15 2328 174 8 192 187 244 220 119 151 150 77 113 225 161 110 232 3 233 240 220 48 218 105 200 226 240 26 238 13 176 83
161 15 2212 189 110 163 227 164 151 125 225 116 227 190 40 161 41 239 222 247 215 211 214 140 14 208 72 243 172 249 23 120 35
162 15 2220 168 33 124 111 233 150 167 234 205 180 242 154 246 48 137 169 190 4 135 58 105 180 174 58 215 164 236 18 198 215
163 15 2256 245 184 143 49 214 95 149 35 234 47 122 200 102 70 138 210 173 35 233 170 242 115 124 122 242 240 244 91 216 116
164 15 2455 185 68 229 229 210 115 233 187 173 89 248 115 158 242 214 6 149 97 182 12 219 227 238 42 184 163 198 84 249 42
165 15 2056 123 81 211 67 111 5 177 223 157 141 206 43 220 174 207 133 212 39 37 207 236 55 114 239 234 133 81 145 244 169
166 15 2272 249 130 192 79 181 67 172 140 228 54 137 96 232 64 190 5 166 226 239 63 146 215 146 9 174 142 246 88 142 192
167 15 2352 123 84 210 151 221 44 223 20 247 210 113 220 229 104 174 211 207 138 165 2 230 159 219 181 189 223 201 216 189 155
168 15 1958 196 48 193 61 233 161 84 180 136 82 131 151 72 12 112 140 226 14 151 137 213 247 212 61 245 99 26 4 218 101
169 15 2163 184 83 212 85 203 163 226 244 224 41 236 64 108 145 244 100 187 160 155 23 204 116 244 211 47 124 72 245 158 4
170 15 2044 170 198 175 17 148 24 224 9 219 171 206 226 11 236 100 154 209 214 221 79 223 123 231 236 201 23 28 239 189 122
171 15 2319 212 176 243 159 215 151 148 92 244 66 247 11 137 87 165 91 197 114 191 107 141 249 222 157 234 69 160 185 143 15
172 15 2104 127 13 209 6 70 160 243 243 249 117 202 188 250 11 170 125 247 114 126 59 188 42 179 204 63 121 166 121 141 6
173 15 2312 122 182 250 77 193 244 170 176 152 62 208 114 238 13 240 157 208 187 220 133 141 207 134 12 236 66 218 19 160 214
174 15 2210 202 189 96 225 133 100 229 85 192 84 179 227 206 194 243 151 233 128 164 92 108 129 190 71 217 105 211 185 160 160
175 15 2161 132 184 144 89 205 178 191 145 232 3 197 54 210 175 227 104 117 81 205 201 201 222 185 20 162 16 101 159 193 179
176 15 2144 142 33 201 129 163 87 112 194 209 249 151 120 217 208 128 29 227 222 119 11 246 250 230 6 239 100 137 93 160 112
177 15 2355 203 80 218 80 242 244 226 52 170 123 244 199 234 112 225 33 120 195 118 175 244 239 246 170 143 205 193 120 118 135
178 15 2298 153 206 216 57 233 29 201 33 227 55 215 144 148 30 168 180 185 51 221 128 137 194 122 179 231 170 239 149 177 238
179 15 2187 84 85 58 82 191 224 233 68 225 192 183 247 170 26 203 83 240 158 214 176 219 201 165 151 211 138 152 24 186 241
180 15 2159 164 64 151 175 249 148 83 200 173 100 179 145 215 217 250 214 186 108 134 208 200 200 66 53 196 74 208 140 245 211
181 15 2357 233 162 224 53 219 40 247 92 221 237 171 125 242 243 109 6 200 233 130 151 110 194 194 212 183 156 241 37 223 210
182 15 2247 185 159 230 152 214 54 156 66 146 115 113 82 209 125 67 11 246 76 117 168 225 95 196 207 242 106 229 246 234 158
183 15 2368 205 160 237 106 217 100 108 129 183 218 244 118 175 125 203 211 221 120 208 46 195 197 172 216 222 92 134 88 236 106
184 15 2532 202 114 211 139 208 233 215 167 232 91 217 181 246 109 91 56 223 220 180 82 202 9 243 151 233 56 222 37 241 228
185 15 2235 243 138 151 130 182 47 238 105 195 96 207 200 143 108 248 39 181 53 154 167 152 33 85 215 195 151 219 237 201 52
186 15 1957 113 124 98 177 228 211 222 170 169 147 93 70 216 108 142 68 191 146 127 74 204 109 240 14 210 174 136 91 58 99
187 15 2247 199 90 240 205 189 182 208 160 205 210 177 109 245 15 179 100 85 69 211 88 122 212 140 73 211 103 229 37 169 143
188 15 1977 203 177 150 126 182 225 230 194 215 17 175 240 163 241 45 190 191 90 200 94 175 112 169 65 177 61 136 152 61 151
189 15 2126 211 104 230 9 124 243 235 35 218 26 98 62 168 25 84 92 167 28 225 246 126 135 171 234 170 150 197 47 234 99
190 15 2048 239 25 128 199 54 154 194 246 201 136 92 130 206 160 184 115 177 154 209 194 197 222 207 148 202 32 108 125 162 171
191 15 2406 242 163 147 106 240 213 210 68 249 4 211 143 199 111 214 157 179 206 169 240 176 110 235 67 114 93 175 59 248 172
192 15 2236 225 69 248 209 208 12 217 145 178 222 241 164 129 90 123 189 224 242 114 224 147 170 153 141 220 176 235 250 133 48
193 15 2336 237 99 228 120 160 110 219 91 224 93 145 141 110 222 249 102 207 145 196 211 188 103 241 106 223 136 152 137 141 48
194 15 2163 216 56 147 214 163 200 134 56 234 22 171 164 64 28 235 236 155 178 245 208 233 17 212 104 105 155 230 34 160 148
195 15 2260 91 156 193 82 199 103 228 103 250 87 238 139 186 53 209 203 157 86 231 160 245 146 93 32 209 116 238 3 59 67
196 15 2148 219 209 68 91 185 197 166 168 145 182 210 168 196 94 109 93 206 104 239 166 150 169 206 172 239 225 180 91 167 16
197 15 2311 114 35 204 83 148 232 153 244 199 151 219 185 166 10 159 35 210 246 236 66 240 179 236 129 200 246 192 116 213 47
198 15 2018 62 140 125 13 218 159 199 77 122 56 203 85 53 70 172 137 206 46 244 73 144 243 206 156 159 171 233 112 177 146
199 15 2548 228 135 208 31 201 105 237 96 188 235 110 157 241 233 235 88 248 184 210 90 195 173 237 42 231 149 247 138 169 132
200 15 2325 217 97 132 13 70 152 248 210 221 142 178 40 129 117 244 40 233 249 139 187 222 9 239 31 177 224 242 138 216 212
201 15 2481 206 250 159 110 189 227 231 64 224 234 133 29 247 74 207 81 235 79 242 132 187 38 208 64 246 120 179 120 209 250
202 15 2228 106 120 220 173 236 19 100 35 232 133 213 119 210 210 226 113 157 103 202 199 175 249 93 78 139 30 238 88 238 103
203 15 2375 161 26 198 128 238 74 237 73 200 13 184 101 154 170 165 140 173 90 130 190 230 34 223 238 235 147 224 188 217 227
204 15 2140 191 38 239 23 161 96 216 107 89 62 201 124 248 60 222 94 89 92 205 134 139 155 211 40 75 46 155 239 234 219
205 15 1775 99 123 149 210 48 128 218 73 235 127 209 226 108 223 88 186 32 5 110 103 193 239 128 219 230 186 220 65 152 22
206 15 2197 215 160 176 128 113 201 240 148 183 115 101 94 220 180 188 111 178 155 207 90 124 194 221 131 198 219 155 127 228 61
207 15 2195 120 245 238 73 239 40 249 147 169 127 93 50 166 219 153 152 128 80 219 30 245 55 200 76 171 75 219 204 135 121
208 15 2224 184 51 189 63 243 39 124 173 150 135 75 219 225 154 197 131 239 153 179 193 139 93 226 64 215 129 191 194 204 119
209 15 1987 233 210 86 117 185 56 92 224 235 231 224 242 230 37 96 177 73 65 231 115 136 95 224 108 179 91 157 32 103 133
210 15 2321 133 130 230 43 248 57 236 110 108 195 202 224 224 36 109 109 192 104 234 46 123 29 247 78 220 134 223 33 173 113
211 15 2209 249 61 244 16 209 232 237 37 105 116 163 96 203 197 216 128 227 171 50 47 144 32 241 239 89 134 179 79 206 36
212 15 1930 237 95 209 187 134 76 119 50 63 225 237 33 63 171 250 67 69 199 110 152 179 233 221 247 131 138 148 90 243 250
213 15 2365 209 131 247 57 72 53 218 208 116 94 197 211 243 47 130 115 198 20 219 19 240 160 222 122 247 95 160 106 239 180
214 15 2348 236 129 250 193 201 220 174 242 185 16 195 159 230 24 231 137 187 88 238 82 138 139 130 83 232 163 125 114 184 66
215 15 2289 177 22 224 107 198 38 173 140 205 196 83 53 182 38 235 153 197 133 231 70 240 141 192 170 242 51 183 91 100 72
216 15 2127 178 52 136 120 227 249 235 19 201 33 238 133 188 2 134 118 190 27 159 233 113 132 151 4 119 203 211 247 179 209
217 15 2227 152 54 194 193 197 207 246 115 121 160 134 171 231 156 218 164 182 120 129 205 207 197 240 249 247 20 74 193 212 145
218 15 2433 149 62 238 250 181 43 230 232 215 85 230 33 154 235 240 151 173 64 211 106 237 158 227 203 216 106 126 27 215 121
219 15 1976 194 237 177 43 114 55 199 234 76 130 114 69 230 173 161 81 230 214 153 127 243 209 120 67 60 155 158 95 242 163
220 15 2232 236 171 138 19 139 66 217 204 137 240 104 40 216 222 223 57 226 174 193 145 221 2 31 61 241 156 239 92 229 70
221 15 2034 67 219 167 138 128 210 190 152 222 175 232 78 195 101 166 237 195 191 95 119 153 140 235 196 182 57 207 32 109 147
222 15 2232 233 178 119 248 211 120 165 225 124 49 137 233 117 19 229 36 210 212 226 162 223 226 220 131 224 244 184 163 169 132
223 15 2341 191 94 227 76 233 110 149 95 58 244 249 242 236 44 235 114 200 30 245 129 141 20 223 220 187 219 156 21 197 156
224 15 2430 242 144 246 146 219 90 184 35 130 132 201 189 222 178 239 229 113 191 246 2 244 49 233 165 80 20 207 107 232 109
225 15 1998 210 197 96 242 182 107 205 27 159 124 167 203 191 63 248 56 210 220 181 190 150 57 180 26 101 203 51 114 167 50
226 15 2126 112 3 214 140 249 217 157 177 229 196 182 134 196 139 222 77 18 79 131 148 228 235 222 152 192 114 167 229 139 92
227 15 2267 233 119 173 108 246 171 206 189 217 30 249 51 50 122 230 230 200 126 97 63 195 175 77 25 249 65 166 77 246 135
228 15 2035 65 116 212 241 194 240 72 236 174 235 245 45 242 73 99 8 189 228 150 149 195 141 211 147 110 249 219 233 167 62
229 15 2308 242 64 186 233 201 219 166 179 143 56 177 23 102 135 142 127 194 149 181 235 231 206 250 99 243 233 189 236 238 87
230 15 2085 172 10 227 68 200 186 184 174 166 93 236 118 213 206 124 121 209 193 108 76 97 203 215 44 149 235 67 51 240 165
231 15 2418 197 135 82 21 245 82 221 81 246 26 162 191 246 6 247 103 107 154 190 238 232 185 250 218 180 57 193 84 225 108
232 15 2124 238 198 239 219 96 201 179 81 189 35 220 239 245 193 226 76 83 136 181 128 245 184 248 206 61 47 90 188 116 240
233 15 1975 139 198 94 78 198 172 115 206 246 206 243 28 250 209 167 86 102 214 160 175 99 240 160 148 221 116 117 128 158 147
234 15 2122 250 243 158 219 189 235 211 193 123 20 84 139 112 110 178 78 238 104 231 12 110 234 144 205 241 151 228 92 156 37
235 15 1943 90 77 180 14 247 138 226 195 110 222 218 129 218 17 123 196 148 219 175 50 227 184 169 133 55 201 157 131 86 134
236 15 2300 223 49 185 141 223 229 206 240 249 113 217 3 244 56 138 29 204 181 105 248 123 50 141 209 231 186 159 175 227 244
237 15 1897 127 161 224 156 77 234 130 211 181 31 139 5 237 1 87 32 203 219 138 173 249 100 99 120 206 158 148 149 127 248
238 15 2164 177 184 184 204 88 64 145 137 191 8 192 27 170 233 162 15 250 191 150 168 210 225 148 129 220 141 179 220 239 31
239 15 2299 99 111 205 90 217 16 243 168 118 121 188 136 237 220 217 76 241 15 184 200 248 14 203 147 241 17 141 70 92 40
240 15 2189 222 76 233 169 107 182 180 103 201 186 199 219 210 182 215 22 207 244 192 35 148 45 240 67 133 9 55 234 195 74
241 15 2411 140 223 178 174 152 116 245 190 242 44 220 206 188 244 249 234 117 164 242 78 248 143 243 9 190 15 188 96 172 122
242 15 2368 193 78 152 55 174 11 218 247 167 63 145 141 202 93 192 29 215 168 201 228 196 230 248 9 218 157 234 234 206 174
243 15 2252 161 129 217 127 214 168 208 7 222 138 170 31 111 49 147 128 167 249 202 18 188 247 210 2 146 99 249 86 204 48
244 15 2397 247 217 217 247 164 247 201 146 222 7 240 87 207 26 171 140 214 74 195 158 192 15 152 30 243 201 208 148 124 178
245 15 2258 232 28 190 156 245 48 187 123 153 100 201 217 246 239 168 200 241 126 53 149 243 213 228 226 137 64 222 199 77 107
246 15 2268 162 247 167 50 161 33 204 15 175 220 232 162 215 194 136 110 168 12 186 78 158 197 179 103 221 150 243 244 228 250
247 15 2202 229 177 126 200 153 68 199 31 248 121 84 6 133 231 218 28 134 29 208 67 222 225 237 206 209 131 200 21 153 7
248 15 2092 143 117 225 123 99 26 235 118 210 39 218 78 102 195 193 124 146 223 97 233 235 199 109 227 204 164 181 160 218 77
249 15 1973 214 242 155 210 179 57 192 115 225 204 144 230 159 65 215 52 121 57 80 208 178 228 180 211 63 72 204 221 158 160
250 15 2340 239 24 152 93 152 67 92 134 229 124 234 245 129 171 226 31 235 217 239 174 172 151 232 201 152 106 224 166 219 150
