1 15 2295 194 62 133 159 242 152 206 184 217 125 148 87 245 58 84 190 196 211 247 23 166 212 225 200 178 3 144 1 244 106
2 15 2031 194 31 207 195 200 206 178 88 189 60 201 173 134 165 42 173 220 205 152 51 232 42 216 145 133 201 79 214 162 19
3 15 2172 46 95 242 49 131 206 237 131 243 206 209 7 140 195 216 93 228 2 227 108 199 5 173 168 99 29 83 229 242 205
4 15 2033 131 162 189 84 222 242 97 134 142 79 68 93 215 64 126 67 226 160 125 145 209 136 240 122 244 54 87 78 221 209
5 15 2418 211 162 244 159 244 99 112 173 141 86 211 158 138 103 208 53 224 151 229 133 232 164 250 37 234 187 155 167 190 199
6 15 2099 169 248 172 79 215 63 68 212 205 219 249 170 232 113 121 225 138 246 186 217 221 128 124 186 239 13 120 126 165 175
7 15 2346 242 175 231 120 190 130 244 135 190 208 233 146 170 54 170 189 227 103 172 152 212 146 215 80 221 65 121 82 95 171
8 15 2020 110 42 246 33 145 132 237 208 200 96 182 184 124 170 59 123 153 221 201 129 199 122 216 122 211 123 169 173 74 89
9 15 2229 159 222 231 65 139 185 97 144 239 140 211 166 241 29 216 13 235 174 208 109 198 218 97 222 119 3 226 131 171 4
10 15 2294 199 131 179 224 196 75 222 201 219 177 234 185 226 189 135 123 189 168 129 139 178 222 249 246 226 76 139 230 148 9
11 15 2216 138 60 222 214 165 157 99 85 198 111 242 81 219 31 241 151 38 132 227 5 211 83 235 208 192 120 99 240 244 42
12 15 2191 177 207 201 139 250 18 164 64 250 72 245 183 139 233 149 202 108 139 149 103 231 173 64 122 244 9 175 28 193 56
13 15 2125 244 24 166 231 238 127 122 6 213 80 204 225 103 191 209 45 227 29 215 99 216 6 178 223 77 200 89 158 156 31
14 15 2380 101 160 205 116 232 37 127 27 137 190 212 201 238 4 221 225 221 177 218 120 247 132 146 127 239 237 187 99 245 11
15 15 1968 187 17 249 137 231 248 59 161 73 98 156 23 126 172 113 148 231 25 192 78 220 95 172 85 85 68 205 91 162 67
16 15 2072 184 54 160 34 213 193 168 223 68 208 111 166 146 109 183 46 147 16 180 228 246 217 196 168 235 164 246 13 107 233
17 15 2107 188 121 236 101 212 73 179 151 78 192 48 102 242 162 25 7 243 7 179 137 224 173 242 22 207 22 137 29 194 202
18 15 2246 207 166 215 82 176 211 179 178 244 250 201 216 223 145 221 105 126 30 97 209 203 159 64 112 240 222 183 213 229 87
19 15 2152 140 196 239 235 181 82 177 216 228 248 211 250 184 43 186 241 199 241 220 246 239 197 117 10 186 134 112 215 71 176
20 15 2125 191 61 206 111 164 207 163 234 90 113 175 138 138 84 196 143 79 29 232 139 238 180 226 136 148 18 189 58 222 120
21 15 2233 239 125 153 203 141 122 214 173 248 182 245 106 118 84 233 58 136 123 217 228 217 175 217 226 143 201 73 61 198 141
22 15 1953 250 18 250 174 180 144 208 195 109 233 195 241 109 106 115 158 214 154 66 89 121 187 180 6 176 210 98 248 171 240
23 15 2102 199 93 207 75 164 243 225 38 207 90 227 91 125 75 195 18 99 124 156 85 233 106 70 103 195 89 103 9 223 101
24 15 2008 191 39 133 1 143 185 243 191 52 173 175 5 155 45 141 94 203 186 127 179 212 159 244 96 76 239 180 73 235 179
25 15 2243 240 68 66 209 230 168 178 152 127 220 196 180 238 108 224 40 207 22 156 216 219 131 224 83 191 39 130 168 178 233
26 15 2160 182 176 238 235 173 12 71 226 162 244 188 77 139 97 232 237 249 109 220 1 128 124 246 169 177 49 148 227 147 220
27 15 2091 79 119 234 76 223 12 164 166 210 149 148 163 227 210 160 172 193 110 198 28 196 150 166 12 119 215 166 219 131 1
28 15 1673 214 215 160 63 58 106 76 162 210 40 220 28 116 216 126 24 198 130 48 108 201 194 108 50 108 191 37 94 212 236
29 15 2072 203 15 249 173 212 195 125 60 64 81 177 151 142 10 179 211 232 188 131 232 202 215 194 199 214 72 136 211 130 214
30 15 2206 192 180 215 100 98 204 158 118 92 93 235 7 181 192 185 100 167 183 197 230 153 163 202 90 220 234 250 233 213 206
31 15 2188 127 30 68 59 240 149 234 63 165 42 223 179 210 209 248 41 39 99 188 52 225 7 195 162 203 174 175 216 195 129
32 15 1850 167 25 223 29 211 249 98 176 152 65 142 188 142 155 98 205 160 38 58 92 216 165 197 66 225 189 143 133 81 168
33 15 2044 164 57 106 162 146 248 180 7 222 36 241 122 171 90 244 69 169 205 169 248 180 183 217 224 48 155 169 143 129 100
34 15 2180 239 27 186 150 248 20 102 123 199 128 195 11 33 125 248 38 178 53 221 61 114 57 212 106 187 142 123 122 241 120
35 15 2190 98 242 235 224 248 217 222 45 58 117 239 17 235 128 128 220 137 135 182 228 115 89 215 4 188 178 198 160 240 19
36 15 2204 80 137 236 82 236 124 179 249 83 227 239 178 229 128 174 130 247 221 198 218 107 79 191 148 237 168 99 125 221 40
37 15 2009 109 141 161 170 125 54 138 85 135 169 245 110 179 172 146 59 133 146 228 200 169 86 246 27 240 161 139 40 119 135
38 15 2060 232 27 203 62 174 77 89 209 236 143 242 248 239 60 103 92 117 222 91 4 158 145 99 203 171 239 204 13 218 4
39 15 2026 223 202 219 54 85 137 229 242 69 69 190 139 101 111 232 177 233 55 215 122 177 93 229 168 117 237 60 178 154 51
40 15 2132 201 129 195 239 84 46 101 235 140 246 247 11 195 45 191 149 228 113 248 29 219 249 208 250 132 77 184 227 92 4
41 15 2360 169 22 231 199 241 87 210 143 215 74 214 218 238 243 225 82 80 139 224 111 210 234 136 27 167 129 222 30 169 128
42 15 1977 165 110 238 199 185 103 142 227 102 132 205 165 210 97 162 125 123 121 167 209 130 6 126 204 112 136 158 179 247 61
43 15 1946 194 10 172 137 54 95 191 65 201 2 132 229 134 152 209 156 134 46 188 83 101 239 84 61 184 183 226 47 229 246
44 15 2492 219 122 208 61 216 195 249 237 250 226 190 74 136 33 212 47 238 184 69 15 212 107 204 178 246 113 246 88 220 213
45 15 2058 167 233 198 168 100 122 61 9 230 90 214 136 142 63 241 94 233 129 32 217 231 46 101 152 204 23 234 194 185 17
46 15 2240 183 38 136 5 120 98 211 192 192 89 195 237 225 70 201 205 160 246 229 195 239 238 211 132 114 175 178 26 206 235
47 15 2213 186 227 250 216 215 217 229 249 190 242 186 216 214 236 142 103 211 192 64 121 95 213 160 210 226 248 197 11 202 141
48 15 1930 127 160 132 178 138 17 129 44 132 186 168 199 180 87 171 104 165 125 156 136 219 1 220 213 194 144 161 147 121 147
49 15 2338 244 38 132 114 177 21 218 132 232 38 181 148 162 62 233 65 239 173 191 149 250 42 202 183 74 200 153 85 235 83
50 15 2149 149 18 234 30 213 75 102 111 182 69 226 221 239 29 117 221 215 83 246 187 137 190 104 122 130 181 215 141 178 134
51 15 2075 227 221 223 143 60 18 226 7 145 62 120 66 111 131 234 178 222 51 79 130 205 18 223 178 154 70 116 41 249 73
52 15 2282 173 239 174 92 185 116 188 135 184 234 216 237 212 8 226 163 248 188 190 115 98 157 197 57 122 152 217 63 223 224
53 15 2288 227 210 242 67 94 99 192 232 207 79 250 168 247 53 81 82 165 82 106 249 248 155 210 88 195 218 155 229 242 116
54 15 2164 246 113 232 183 108 88 152 218 188 231 227 22 66 159 244 221 34 30 206 7 180 131 204 118 239 158 147 92 233 163
55 15 2190 220 162 154 240 201 110 235 49 225 27 120 97 57 79 182 69 204 216 185 159 184 202 224 188 175 10 245 219 127 102
56 15 2125 172 13 230 125 205 72 143 5 53 189 146 166 226 238 100 91 226 225 236 11 181 80 173 113 215 3 167 205 184 144
57 15 2256 231 179 245 75 242 150 207 81 209 228 152 200 228 198 187 38 214 90 194 108 82 228 112 177 110 8 215 105 193 203
58 15 2377 216 139 193 17 239 227 207 150 87 230 186 32 182 224 237 88 249 62 239 107 137 69 209 3 247 84 157 50 187 168
59 15 1913 76 11 165 17 42 243 209 245 169 156 47 89 170 152 140 82 114 20 241 152 136 172 246 122 242 78 235 106 160 217
60 15 2418 165 114 207 4 186 203 216 76 235 145 155 183 237 185 222 239 189 230 147 203 163 11 214 28 241 54 197 99 249 125
61 15 2159 137 25 224 114 132 50 214 182 231 32 101 119 169 70 139 221 244 51 171 212 158 30 239 180 172 28 248 206 120 182
62 15 2216 74 64 175 218 177 170 117 104 195 206 227 43 162 89 164 127 210 202 155 15 239 14 244 234 209 23 242 18 181 49
63 15 2450 248 173 218 231 232 75 120 188 54 81 225 160 205 121 244 198 199 5 230 179 226 21 218 169 236 106 217 113 191 122
64 15 2375 189 205 179 84 110 117 179 115 217 200 205 200 227 118 248 154 249 177 234 167 230 107 207 174 171 7 96 86 228 125
65 15 2289 242 242 238 144 234 197 207 87 214 174 186 226 117 35 248 81 198 154 123 156 148 65 140 134 196 146 236 76 135 49
66 15 2301 48 178 178 40 188 25 165 122 249 99 141 78 137 238 239 143 231 128 185 42 188 212 215 197 242 112 237 175 234 227
67 15 2298 236 210 219 40 221 222 182 227 79 168 171 211 171 170 130 143 190 229 200 219 201 181 219 90 208 175 242 34 204 118
68 15 2084 56 37 162 185 245 144 229 146 244 139 209 18 126 236 143 185 244 110 141 66 250 191 104 73 201 21 197 128 55 97
69 15 2212 208 145 145 2 174 182 237 179 240 199 206 240 92 73 186 81 134 76 247 22 239 122 223 23 179 218 105 133 151 239
70 15 2218 218 161 173 107 202 241 145 213 247 19 143 235 116 137 181 214 233 185 244 153 102 212 104 7 210 73 214 42 241 244
71 15 1795 53 29 141 93 231 104 225 98 233 139 90 60 220 220 136 229 159 186 204 204 160 159 138 250 100 114 62 82 92 245
72 15 2056 196 216 127 136 100 60 103 223 227 156 232 74 120 161 235 228 189 131 72 137 232 188 216 235 230 3 220 56 71 75
73 15 2030 218 66 209 53 233 180 166 199 225 11 94 50 96 44 197 143 150 60 204 11 206 116 118 16 221 187 150 182 51 192
74 15 2142 243 61 142 223 145 78 154 126 218 18 95 74 160 88 246 35 189 35 246 128 159 238 245 80 127 244 116 125 193 85
75 15 2137 203 112 247 37 164 28 246 110 236 134 146 84 175 101 88 8 163 7 237 66 160 230 233 200 111 55 169 61 94 36
76 15 1984 74 102 152 151 52 71 198 17 203 32 215 162 185 65 235 97 232 234 130 113 177 157 203 138 95 188 220 31 109 37
77 15 2181 106 112 175 137 227 9 184 38 239 195 159 6 188 119 216 27 198 201 163 185 168 46 214 235 143 128 133 72 214 175
78 15 2191 227 37 159 143 104 35 248 141 207 175 247 205 158 118 167 4 123 3 186 249 94 90 194 61 217 155 230 153 178 247
79 15 2074 213 50 175 89 175 56 223 236 125 73 86 77 203 216 209 140 199 161 137 209 182 101 168 247 182 201 167 237 149 28
80 15 2006 186 169 213 115 102 4 56 115 134 98 130 211 164 188 212 146 41 177 249 103 184 64 195 84 205 64 245 127 192 130
81 15 2278 218 216 213 232 122 31 231 62 158 231 175 152 222 213 186 245 123 227 205 222 148 187 250 241 248 210 138 41 211 8
82 15 1916 117 149 227 155 138 92 193 101 207 87 69 215 115 200 219 175 205 126 128 125 219 229 146 219 240 197 39 127 133 60
83 15 2036 219 248 128 37 157 145 217 101 59 86 187 48 243 36 192 193 243 68 184 83 106 244 202 196 173 141 69 42 167 31
84 15 1900 83 12 232 52 157 207 150 32 89 192 22 181 225 12 142 134 224 198 234 27 197 231 146 14 206 85 102 156 166 74
85 15 2062 212 42 94 232 148 70 221 248 168 44 189 221 179 240 129 138 138 133 213 189 191 111 166 188 207 203 168 145 155 155
86 15 2215 157 15 238 104 149 52 51 115 157 118 178 78 244 139 228 13 143 234 234 230 163 82 191 162 220 62 188 133 228 163
87 15 1841 38 142 243 112 176 9 220 145 133 167 206 46 173 222 227 121 110 2 115 213 40 11 112 95 181 101 199 5 129 70
88 15 2079 170 14 250 49 209 230 234 73 184 64 165 42 157 84 105 139 178 114 241 174 161 223 60 132 193 105 66 204 226 1
89 15 2148 148 224 237 167 234 175 150 178 173 223 237 168 123 157 228 46 78 30 148 101 110 2 212 111 195 220 172 58 241 72
90 15 2384 229 35 55 219 197 247 241 101 189 208 214 64 236 238 162 127 201 207 206 230 225 23 207 134 163 186 229 54 226 121
91 15 2131 242 189 160 151 162 7 163 41 216 146 155 140 183 219 168 100 228 146 222 224 236 35 125 57 103 206 136 78 165 227
92 15 2236 203 176 151 163 181 114 205 221 203 60 142 146 246 231 172 78 227 164 83 33 228 49 231 246 122 245 184 137 218 20
93 15 1851 164 22 189 66 219 221 202 93 115 7 221 160 69 115 206 120 105 17 145 215 26 57 116 86 196 133 103 142 238 76
94 15 2354 229 41 167 11 147 196 195 67 151 111 250 156 243 14 171 8 223 39 72 193 175 33 232 135 244 239 218 180 226 113
95 15 2208 70 231 200 168 140 240 219 201 249 149 213 151 226 16 202 94 248 111 107 143 228 179 142 175 189 80 143 244 184 75
96 15 2307 242 205 69 173 186 210 196 161 220 238 235 183 228 150 128 183 248 74 182 96 199 244 112 193 243 125 156 17 240 72
97 15 2284 217 163 213 217 136 134 239 105 154 22 214 111 218 111 205 233 217 22 171 219 225 69 135 75 77 241 196 59 238 231
98 15 2399 68 173 232 139 163 166 219 114 231 112 184 105 246 225 209 79 244 10 231 227 153 191 233 82 235 205 236 89 115 232
99 15 2177 238 199 115 189 170 93 226 76 45 118 172 243 178 22 93 129 167 83 246 65 242 175 216 244 188 64 185 27 241 148
100 15 2108 132 160 227 218 146 15 169 230 157 20 181 142 217 53 200 141 170 152 245 107 211 65 65 59 202 51 151 127 163 120
101 15 2115 200 229 197 224 94 57 220 3 208 135 195 179 191 76 232 211 241 187 213 60 132 105 105 138 175 177 133 227 108 157
102 15 1863 52 169 194 126 184 78 94 29 248 53 128 242 154 25 231 148 214 18 152 55 111 215 91 57 114 199 119 192 243 6
103 15 2276 188 164 198 229 142 124 210 85 213 33 223 61 179 98 219 208 198 250 147 198 203 154 237 207 239 50 121 66 129 159
104 15 1857 173 194 222 10 210 118 111 211 163 79 68 139 110 183 115 237 247 235 168 64 177 175 246 141 129 248 19 136 164 88
105 15 1940 109 194 216 225 119 8 244 64 227 129 177 100 63 161 202 3 216 242 75 147 183 15 209 118 53 45 89 142 243 134
106 15 2153 234 146 213 115 246 73 51 231 245 183 157 50 237 54 128 192 176 39 127 50 231 11 216 226 144 54 138 219 149 7
107 15 2095 70 90 173 4 128 120 202 175 226 83 206 217 77 96 194 159 215 10 239 97 239 119 146 218 237 191 126 195 141 148
108 15 2112 183 4 138 234 88 180 231 106 243 146 105 14 138 65 72 144 203 183 197 13 237 99 112 171 218 103 244 107 232 245
109 15 2205 126 154 208 22 250 106 202 65 205 19 215 157 160 116 178 41 202 25 214 123 67 13 109 210 188 17 190 228 243 144
110 15 2092 175 86 233 141 188 102 240 115 236 38 129 195 77 62 190 2 110 120 194 111 181 242 136 118 149 24 177 109 200 52
111 15 2204 236 241 208 7 247 28 229 221 248 209 182 68 181 66 224 74 122 67 135 154 143 7 117 163 245 221 168 59 70 14
112 15 2292 120 222 126 62 239 188 146 240 206 218 185 150 222 120 172 108 213 235 155 191 199 7 196 183 239 31 208 40 239 42
113 15 2476 231 50 235 16 181 214 173 86 194 20 224 33 209 69 199 29 137 55 182 130 242 126 224 235 248 218 211 72 206 80
114 15 2336 98 105 158 218 134 12 190 26 187 10 167 28 245 9 179 18 242 11 234 142 203 191 247 147 214 82 233 186 189 91
115 15 2312 97 148 205 11 17 227 248 125 241 113 235 52 213 67 175 109 206 63 171 190 242 50 227 144 192 85 207 210 215 94
116 15 2471 245 69 118 161 137 16 230 240 239 96 230 32 208 66 206 135 220 180 201 192 141 36 214 240 228 2 238 240 234 247
117 15 2097 236 28 237 33 186 107 128 158 240 187 188 162 185 107 129 10 223 136 142 137 156 14 127 164 52 16 155 26 238 132
118 15 2014 173 7 180 210 166 218 217 217 119 41 217 88 180 138 211 28 32 104 121 65 100 56 193 34 225 244 143 196 241 186
119 15 2063 138 91 119 220 197 174 208 142 238 181 132 171 143 53 130 73 180 178 203 154 228 193 241 242 108 36 81 119 233 190
120 15 2049 85 163 191 197 206 32 66 96 22 60 221 167 170 205 201 61 234 27 168 30 235 40 234 6 248 84 83 210 198 54
121 15 1956 233 187 165 141 207 240 190 26 143 240 204 98 237 93 62 70 122 216 156 180 106 145 98 171 225 32 127 53 171 130
122 15 2246 182 195 193 242 237 111 182 12 223 209 170 9 137 53 225 73 226 152 176 125 92 108 230 16 53 240 244 95 238 129
123 15 2140 178 182 165 168 114 213 161 38 173 248 234 232 204 211 126 237 223 130 173 91 233 4 141 140 228 192 202 92 120 220
124 15 2341 237 102 170 164 234 97 234 27 191 160 178 142 209 164 155 106 157 136 205 244 203 63 165 30 126 206 250 84 213 230
125 15 2034 203 195 243 99 46 157 226 106 131 98 191 152 36 230 220 178 160 194 246 101 249 68 221 181 232 166 48 20 91 88
126 15 2230 245 167 223 17 157 174 209 242 49 175 200 202 154 94 215 78 214 98 218 160 138 231 138 131 217 60 236 1 175 7
127 15 1911 66 164 208 82 220 4 228 165 52 226 230 83 223 78 240 165 200 94 68 42 163 19 231 145 177 71 60 48 23 184
128 15 2024 225 183 240 59 105 102 234 15 107 183 81 38 137 199 246 245 234 164 93 14 173 154 103 64 248 193 157 50 147 208
129 15 2270 195 198 125 159 173 44 221 160 226 142 240 7 235 168 126 159 92 115 243 220 247 179 115 177 137 41 247 171 216 216
130 15 1974 234 203 105 73 64 162 232 237 197 118 157 235 199 41 159 119 121 117 142 201 191 114 196 118 87 14 170 44 214 151
131 15 2246 221 189 234 202 243 210 139 66 186 16 184 107 214 139 235 171 66 196 200 153 174 31 192 62 164 31 117 141 239 48
132 15 2380 224 201 241 156 217 71 133 195 190 26 239 29 224 70 164 172 230 218 202 145 237 156 174 62 230 17 174 82 96 14
133 15 2312 159 112 170 53 248 240 171 45 247 95 226 221 228 96 187 159 163 239 197 205 228 138 188 104 249 228 111 93 118 153
134 15 2369 164 51 190 214 106 132 194 89 250 175 226 2 189 86 214 247 245 113 250 92 248 42 187 118 126 42 189 93 184 79
135 15 2078 178 82 206 3 74 75 170 189 238 78 96 238 44 40 159 112 230 188 179 250 178 219 245 204 217 52 225 102 159 33
136 15 2152 154 21 112 35 96 194 186 45 245 215 96 148 211 111 133 169 243 236 240 82 207 163 223 202 223 179 82 188 240 185
137 15 2261 227 225 190 238 249 182 183 239 105 196 202 208 198 152 241 161 93 42 171 64 179 78 227 12 214 25 237 171 111 161
138 15 2100 244 175 118 114 87 16 235 229 111 77 214 3 214 22 136 165 209 191 105 81 222 193 231 4 140 171 240 38 120 249
139 15 2137 167 179 247 4 244 72 204 196 148 34 171 56 210 170 74 181 126 37 245 101 221 154 158 56 187 21 93 229 177 105
140 15 2276 206 133 239 144 171 74 214 8 195 224 182 83 141 204 167 8 222 6 134 114 205 216 209 119 226 75 124 206 210 102
141 15 2266 236 196 181 187 165 142 141 185 220 230 112 104 222 155 208 14 244 229 170 198 187 95 215 46 193 171 219 175 120 125
142 15 2084 203 20 232 187 238 66 127 37 146 63 236 96 124 96 192 48 175 8 192 203 193 206 138 105 78 109 94 229 237 234
143 15 1888 69 89 59 242 60 95 122 147 146 38 231 242 134 51 232 140 245 128 249 129 121 100 223 180 103 218 238 100 129 46
144 15 2166 228 198 209 142 159 114 183 84 138 183 214 49 112 63 51 244 233 139 182 143 232 11 232 139 220 78 102 249 213 157
145 15 1948 178 208 205 223 163 124 246 26 147 81 213 156 229 36 135 77 145 104 120 1 3 69 213 179 184 150 114 92 141 112
146 15 2312 227 124 199 29 223 6 97 80 120 33 171 214 219 116 153 13 197 240 231 211 238 230 195 145 208 131 226 32 186 214
147 15 2576 246 45 215 247 238 145 221 53 186 213 175 112 207 187 250 3 223 181 173 15 195 21 245 112 230 128 183 70 234 148
148 15 1967 169 200 232 120 109 38 248 55 78 91 194 197 191 238 191 232 183 185 98 63 233 138 121 96 182 92 122 109 108 46
149 15 2537 239 126 156 216 182 141 247 238 240 186 245 150 193 80 207 169 242 229 210 75 220 23 210 189 167 74 212 205 202 16
150 15 2453 185 119 197 67 213 183 189 111 228 248 208 167 210 228 164 33 211 234 130 191 225 237 250 171 195 94 231 8 231 84
151 15 2192 150 169 132 97 75 82 132 14 172 48 236 236 122 93 246 225 221 24 215 38 204 136 208 132 232 85 212 216 183 107
152 15 2254 182 240 75 137 213 221 214 109 195 213 244 23 129 153 215 233 205 234 217 95 235 69 73 245 245 166 202 14 174 151
153 15 1743 64 43 203 212 61 167 173 241 174 143 74 9 30 205 72 238 235 78 232 207 228 107 179 93 104 223 229 16 121 2
154 15 2484 177 212 250 149 227 36 209 99 231 213 138 11 241 135 233 98 201 19 212 32 207 24 189 144 220 13 152 248 218 197
155 15 2229 222 25 230 97 129 126 235 12 115 5 208 150 178 78 125 238 106 170 219 202 157 241 150 94 221 241 242 178 250 227
156 15 1902 125 154 178 233 122 114 208 178 105 169 200 157 147 105 237 74 93 122 49 208 149 130 149 48 231 169 151 123 234 42
157 15 1959 218 155 216 183 76 220 145 246 250 47 127 59 155 177 199 195 145 233 140 7 178 205 163 17 107 152 145 165 185 16
158 15 1948 170 78 127 8 105 30 186 173 152 95 178 49 154 121 198 226 140 50 90 96 186 80 172 178 159 167 171 22 248 148
159 15 1956 214 125 108 115 38 19 250 140 174 248 90 35 180 207 237 248 250 187 154 32 241 84 174 62 72 162 68 249 195 94
160 15 2102 212 172 189 195 227 90 212 51 194 157 53 61 144 187 105 140 194 122 155 104 157 248 131 194 185 200 236 212 234 226
161 15 2287 222 248 160 145 185 28 221 58 212 66 231 219 222 133 195 121 218 145 212 240 196 61 244 28 111 29 61 213 169 65
162 15 2204 220 207 152 234 243 184 178 221 117 181 239 154 138 127 174 130 88 89 202 86 248 4 202 60 226 50 147 150 182 169
163 15 2260 96 116 121 77 204 153 235 185 223 71 244 71 243 23 207 157 160 132 243 72 230 170 22 31 231 13 157 184 210 70
164 15 2076 188 237 51 151 221 149 139 125 241 250 233 114 199 64 132 197 197 168 149 39 143 95 174 132 194 180 150 154 185 242
165 15 2146 247 162 238 30 248 47 214 177 163 235 79 39 248 187 118 36 157 17 124 114 184 58 85 212 215 128 200 20 163 81
166 15 1910 199 236 202 167 242 135 137 192 107 190 128 6 249 227 38 191 89 162 118 3 39 164 244 88 222 239 189 167 185 192
167 15 1887 183 210 162 68 56 110 176 91 69 65 112 103 103 204 132 237 207 199 245 204 246 104 140 188 187 160 164 246 177 71
168 15 2324 227 94 144 6 140 70 107 199 245 242 152 242 206 245 241 121 241 57 228 210 245 215 188 36 197 150 101 212 243 170
169 15 2248 177 127 78 69 163 93 239 242 160 90 230 53 195 182 235 44 237 129 163 16 171 48 245 108 125 85 245 14 147 159
170 15 2201 179 7 245 25 164 209 236 19 165 176 71 154 160 122 175 158 247 205 156 102 166 187 244 214 204 234 204 120 136 126
171 15 2189 220 249 198 27 182 148 179 39 246 228 239 220 36 39 228 43 220 76 146 80 168 135 212 39 177 96 115 57 171 50
172 15 2264 133 171 211 111 246 227 175 91 229 82 215 102 230 21 138 112 227 96 236 210 242 200 237 128 68 242 54 110 189 68
173 15 2172 99 154 114 157 243 74 175 27 147 124 224 157 198 233 131 14 236 128 248 192 175 87 181 238 189 24 138 169 218 157
174 15 1930 145 197 154 130 139 195 209 143 72 99 186 18 149 20 206 204 174 8 192 187 244 220 119 151 150 77 113 225 161 110
175 15 2147 95 96 220 48 218 105 106 200 240 26 238 13 176 83 149 172 164 151 125 225 116 227 190 40 161 41 239 222 247 215
176 15 2072 140 14 208 72 80 6 247 11 172 73 72 249 224 147 104 124 233 150 167 234 205 180 242 154 246 48 137 169 113 184
177 15 1987 190 4 135 58 105 180 174 58 215 164 236 18 198 215 114 157 245 184 51 143 214 95 149 35 234 47 122 200 102 70
178 15 2404 173 35 233 170 242 115 124 122 242 240 244 91 216 116 96 242 185 68 229 229 210 115 233 187 173 89 248 115 158 242
179 15 2243 89 171 214 6 149 97 182 12 219 227 238 42 184 163 198 84 249 42 211 67 111 5 177 223 157 141 206 43 220 174
180 15 2064 212 39 37 207 236 55 114 239 96 141 188 9 230 12 145 206 244 169 56 41 249 130 192 79 181 67 172 140 228 54
181 15 2319 93 40 190 5 166 226 239 63 146 215 146 9 174 142 246 88 142 192 210 72 246 110 210 151 221 44 223 20 247 210
182 15 2047 136 229 174 211 207 138 165 2 230 159 219 181 189 223 201 216 189 155 193 61 233 161 84 180 136 82 131 151 72 12
183 15 2279 226 14 151 137 213 247 130 212 245 99 26 4 218 101 212 85 203 163 226 244 224 41 236 64 108 145 244 100 187 160
184 15 1927 237 105 155 23 204 116 244 211 47 124 72 245 158 4 175 17 148 24 224 9 219 171 206 226 11 236 100 154 209 214
185 15 2019 141 223 231 236 201 23 28 239 189 122 243 159 215 151 148 92 244 66 247 11 137 87 174 36 90 83 39 58 197 114
186 15 2278 141 249 222 157 234 69 160 185 143 15 209 6 70 160 174 70 249 117 184 183 193 197 202 188 250 11 170 125 247 114
187 15 2051 188 42 179 204 63 121 98 166 141 6 250 77 193 244 170 176 152 62 83 208 238 13 240 157 208 187 220 133 141 207
188 15 2284 236 66 218 19 160 214 239 82 189 60 96 225 133 100 229 85 192 84 90 100 213 45 179 227 206 194 243 151 233 128
189 15 2146 108 129 190 71 217 105 211 185 160 160 144 89 205 178 191 145 232 3 197 54 210 175 227 104 117 81 205 201 69 159
190 15 1891 201 222 185 20 162 16 101 159 193 179 187 194 142 33 201 129 113 131 166 211 163 87 112 194 136 130 93 37 209 249
191 15 2121 110 60 70 155 194 110 115 151 217 208 128 29 227 222 119 11 246 250 230 6 239 100 137 93 160 112 218 80 242 244
192 15 2084 60 105 226 52 180 170 244 199 234 112 225 33 120 195 118 175 244 239 246 170 143 205 193 120 118 135 101 41 153 206
193 15 2196 172 233 207 31 84 162 201 33 227 55 227 24 148 30 168 180 185 51 221 128 137 194 122 179 231 170 239 149 177 238
194 15 2240 84 85 162 58 191 224 131 233 207 8 113 207 225 192 168 61 227 101 247 15 170 26 203 83 240 158 214 176 219 201
195 15 2147 211 138 152 24 186 241 111 151 249 148 83 200 173 100 179 145 215 217 250 214 186 108 134 208 140 49 215 209 200 200
196 15 2276 196 74 208 140 245 211 210 224 219 40 247 92 221 237 171 125 203 186 109 6 200 233 130 151 110 194 194 212 183 156
197 15 2231 223 210 220 137 185 159 230 152 214 54 156 66 146 115 113 82 209 125 67 11 246 76 117 168 225 95 196 207 242 106
198 15 2407 243 190 246 156 234 158 237 106 217 100 108 129 183 218 244 118 175 125 203 211 221 120 208 46 195 197 151 37 144 84
199 15 2402 214 62 172 216 222 92 134 88 236 106 211 139 208 233 215 167 232 91 217 181 246 109 91 56 223 220 180 82 202 9
200 15 2534 222 182 243 151 233 56 222 37 241 228 219 215 243 138 151 130 182 47 238 105 195 96 207 200 143 108 248 39 181 53
201 15 1808 152 33 85 215 53 195 219 237 201 52 78 150 113 124 98 177 228 211 222 170 169 147 93 70 216 108 142 68 191 146
202 15 2146 155 15 127 74 204 109 240 14 210 174 136 91 58 99 90 172 199 90 240 205 189 182 208 160 205 210 177 109 245 15
203 15 2079 85 69 211 88 122 212 140 73 211 103 229 37 169 143 150 126 92 121 225 182 182 225 230 194 215 17 175 240 163 241
204 15 1959 174 11 200 94 175 112 169 65 177 61 136 152 61 151 193 116 29 112 117 199 211 104 230 9 124 243 235 35 218 26
205 15 1935 168 25 84 92 167 28 109 225 126 135 171 234 170 150 197 47 234 99 177 177 239 25 128 199 54 154 194 246 201 136
206 15 2043 184 141 92 130 206 160 184 115 177 154 164 209 197 222 207 148 202 32 108 125 162 171 140 61 242 163 147 106 142 240
207 15 2337 249 4 211 143 199 111 214 157 179 206 169 240 176 110 235 67 114 93 175 59 248 172 72 34 225 69 248 209 208 12
208 15 2128 178 222 241 164 129 90 164 51 224 242 114 224 147 170 153 141 220 176 146 118 133 48 186 191 237 99 228 120 160 110
209 15 2203 224 93 145 141 110 222 249 102 207 145 196 211 188 103 241 106 223 136 152 137 141 48 147 214 163 200 134 56 234 22
210 15 2313 64 28 235 236 155 178 190 120 237 192 245 208 233 17 212 104 105 155 230 34 160 148 149 29 199 103 228 103 250 87
211 15 2041 186 53 209 203 157 86 231 160 245 146 93 32 209 116 238 3 59 67 68 91 185 197 166 168 145 182 210 168 151 196
212 15 2109 206 104 239 166 150 169 206 172 239 225 180 91 167 16 172 120 114 35 204 83 148 232 153 244 74 199 219 185 166 10
213 15 2209 210 246 236 66 240 179 215 181 143 20 236 129 200 246 192 116 218 213 206 14 206 38 199 77 122 56 86 203 53 70
214 15 2429 206 46 244 73 144 243 206 156 159 171 233 112 177 146 208 31 201 105 237 96 188 235 110 157 241 233 235 88 248 184
215 15 2222 82 102 210 90 195 173 237 42 231 149 247 138 169 132 170 117 167 199 224 132 70 152 248 210 221 142 178 40 129 117
216 15 2344 187 155 215 215 233 249 139 187 222 9 239 31 177 224 242 138 216 212 159 110 189 227 231 64 101 224 133 29 247 74
217 15 2320 186 154 186 229 235 79 242 132 187 38 208 64 246 120 179 120 209 250 128 60 106 120 220 173 236 19 100 35 232 133
218 15 2148 179 44 196 231 210 210 112 226 206 157 202 199 175 249 93 78 139 30 238 88 238 103 104 158 238 74 157 237 198 200
219 15 2281 154 170 165 140 173 90 130 190 230 34 223 238 235 147 224 188 217 227 205 91 191 38 239 23 161 96 216 107 89 62
220 15 1954 248 60 167 56 89 92 205 134 65 198 189 18 155 12 211 40 75 46 155 239 234 219 149 210 48 128 218 73 235 127
221 15 1709 248 225 209 226 110 65 166 109 108 223 138 181 192 124 88 186 29 100 190 249 32 5 110 103 159 193 128 219 230 186
222 15 2095 134 66 143 198 215 160 176 128 171 113 240 148 183 115 101 94 220 180 188 111 98 178 207 90 124 194 221 131 198 219
223 15 2201 193 76 244 164 120 245 238 73 239 40 249 147 169 127 184 18 167 94 93 50 166 219 153 152 73 128 219 30 245 55
224 15 2216 171 75 196 71 242 120 219 204 135 121 182 35 184 51 189 63 243 39 124 173 150 135 75 219 225 154 197 131 239 153
225 15 2050 139 93 226 64 215 129 191 194 204 119 86 117 185 56 92 224 235 231 224 242 230 37 96 177 73 65 231 115 136 95
226 15 1932 179 91 157 32 103 133 84 48 133 130 162 12 170 248 236 110 108 195 202 224 224 36 109 109 192 104 234 46 123 29
227 15 2426 222 186 247 78 220 134 223 33 173 113 227 92 119 113 186 171 209 232 237 37 105 116 219 163 203 197 216 128 227 171
228 15 1890 144 32 241 239 89 134 179 79 206 36 209 187 134 76 190 119 63 225 237 33 63 171 250 67 69 199 110 152 179 233
229 15 2296 131 138 148 90 243 250 247 57 72 53 218 208 116 94 197 211 243 47 130 115 198 20 219 19 240 160 222 122 247 95
230 15 2153 135 45 160 106 239 180 218 250 201 220 174 242 185 16 195 159 191 230 69 231 187 88 238 82 138 139 130 83 232 163
231 15 2390 184 66 225 97 177 22 224 107 198 38 173 140 205 196 83 53 182 38 235 153 197 133 231 70 240 141 192 170 242 51
232 15 1973 222 55 235 62 107 97 235 19 201 33 238 133 30 99 77 134 190 27 159 233 113 132 151 4 119 203 211 247 179 209
233 15 2188 152 54 194 193 197 207 246 115 121 160 134 171 182 177 218 164 182 120 129 205 207 197 240 249 247 20 74 193 212 145
234 15 2433 149 62 238 250 181 43 230 232 215 85 230 33 154 235 240 151 173 64 211 106 237 158 227 203 216 106 126 27 215 121
235 15 1947 194 237 177 43 114 55 199 234 125 221 238 62 76 130 114 69 230 173 161 81 230 214 153 127 243 209 120 67 60 155
236 15 2173 242 163 138 19 139 66 217 204 75 149 184 66 240 245 104 40 216 222 223 57 187 76 176 48 226 174 130 135 220 44
237 15 2132 221 2 31 61 241 156 239 92 229 70 127 239 67 219 167 138 128 210 205 190 222 175 232 78 195 101 166 237 195 191
238 15 1959 173 5 119 69 78 21 235 196 182 57 207 32 109 147 240 69 233 178 119 248 211 120 165 225 124 49 137 233 117 19
239 15 2322 210 212 222 226 121 223 220 131 224 244 184 163 169 132 210 163 191 94 227 76 233 110 149 95 58 244 249 242 236 44
240 15 2215 200 30 245 129 141 20 223 220 187 219 156 21 197 156 246 146 219 90 184 35 130 132 201 189 222 178 105 239 113 191
241 15 2192 113 67 239 172 244 49 233 165 80 20 207 107 232 109 133 96 85 18 205 27 159 124 167 203 191 63 210 45 242 16
242 15 1929 160 31 248 56 210 220 181 190 124 84 207 112 150 57 180 26 101 203 51 114 107 102 163 60 144 249 157 177 229 196
243 15 2156 196 139 222 77 18 79 131 148 228 235 222 152 192 114 167 229 139 92 213 173 246 171 206 189 217 30 249 51 50 122
244 15 2146 200 126 97 63 195 175 77 25 249 65 134 8 246 135 230 16 116 213 212 241 194 240 72 236 174 235 245 45 242 73
245 15 2185 38 189 150 149 195 141 211 147 161 167 205 1 249 241 219 233 167 62 230 186 201 219 183 190 214 178 166 179 143 56
246 15 2219 240 115 177 23 102 135 142 127 194 149 181 235 231 206 250 99 243 233 170 34 190 111 189 236 238 87 99 13 128 115
247 15 1961 200 186 184 174 166 93 236 118 213 206 149 94 206 98 124 121 209 193 108 76 97 203 215 44 149 235 67 51 129 5
248 15 2356 240 165 155 221 197 135 82 21 245 82 221 81 246 26 162 191 246 6 71 164 229 107 190 238 232 185 250 218 180 57
249 15 2352 219 156 157 47 238 198 239 219 96 201 179 81 189 35 220 239 245 193 226 76 101 74 195 6 245 184 248 206 144 6
250 15 1788 61 47 90 188 116 240 176 85 198 64 94 78 198 172 81 32 98 115 115 206 246 206 243 28 250 209 167 86 102 214
