1 15 1971 DPWeight 35700 73.741022 111111100101111
2 15 1641 DPWeight 36060 65.524998 111111111011101
3 15 1802 DPWeight 33000 60.919784 110111111111011
4 15 1763 DPWeight 36105 66.336761 110111011110111
5 15 2305 DPWeight 34890 67.06421 111111011111001
6 15 1805 DPWeight 37185 64.742638 111111011110101
7 15 1891 DPWeight 33585 60.447337 011111111011110
8 15 1834 DPWeight 36915 63.556046 011110111111110
9 15 1423 DPWeight 31665 56.426016 011111011011111
10 15 1903 DPWeight 35670 61.579653 110111101111011
11 15 1666 DPWeight 32610 59.876326 101111011111011
12 15 1713 DPWeight 36525 67.514637 111111100101111
13 15 1604 DPWeight 34770 75.564087 011110110111111
14 15 1777 DPWeight 35535 74.164713 111111011001111
15 15 2105 DPWeight 39210 78.322665 111111110101110
16 15 1618 DPWeight 34335 64.635684 111110111101110
17 15 2022 DPWeight 35475 64.497662 111011110101111
18 15 1559 DPWeight 33180 60.267884 111111101111101
19 15 1665 DPWeight 35265 67.515061 111111110111100
20 15 2054 DPWeight 35040 68.927369 100111110111111
21 15 1618 DPWeight 35160 66.454366 110111011111101
22 15 2038 DPWeight 34695 62.053964 111100110111111
23 15 2129 DPWeight 30675 53.41668 110111110011111
24 15 2063 DPWeight 34020 59.279047 111101101110111
25 15 1719 DPWeight 35100 60.079292 110111101111110
26 15 1485 DPWeight 33885 59.35209 110110111111101
27 15 1743 DPWeight 37665 64.425081 111011001111111
28 15 1552 DPWeight 31935 55.869919 111101001111111
29 15 1720 DPWeight 34680 60.418403 101011011111111
30 15 1864 DPWeight 35565 64.090138 011110111111011
31 15 2112 DPWeight 29565 53.398149 111111110110011
32 15 2003 DPWeight 34140 62.575269 110101011101111
33 15 1962 DPWeight 32040 58.679648 111010111110111
34 15 1835 DPWeight 32070 65.303455 011101110111111
35 15 1809 DPWeight 36120 65.888737 111011110010111
36 15 1587 DPWeight 37200 69.425951 111101011111011
37 15 2440 DPWeight 37995 70.685925 110111111010111
38 15 1686 DPWeight 34200 67.618077 111010101111111
39 15 1657 DPWeight 35385 66.121311 011111010111111
40 15 1759 DPWeight 36000 64.610361 001111011111111
41 15 1497 DPWeight 33900 61.819247 101111111111100
42 15 1582 DPWeight 37395 67.847963 111010111101111
43 15 1868 DPWeight 34140 62.578205 111111111011001
44 15 1930 DPWeight 34275 62.453816 111011111101011
45 15 1834 DPWeight 35955 69.06021 111101011011111
46 15 1575 DPWeight 33435 62.576614 111101011111110
47 15 1773 DPWeight 32490 59.77108 011010111111111
48 15 2087 DPWeight 34605 67.441415 111110101111101
49 15 1514 DPWeight 38085 74.663894 111111110111010
50 15 2045 DPWeight 36765 67.184883 111010111111011
51 15 1744 DPWeight 34635 67.235092 011111011111101
52 15 1929 DPWeight 40440 76.030987 111101110111101
53 15 1158 DPWeight 33885 68.636024 111110110111101
54 15 2226 DPWeight 36915 69.996414 101111111011110
55 15 1520 DPWeight 36525 67.727363 101111101111101
56 15 2098 DPWeight 36210 66.644248 101011111111011
57 15 1904 DPWeight 38400 72.08294 110111110111101
58 15 1623 DPWeight 33285 58.724102 111111111110101
59 15 1404 DPWeight 34890 60.895212 111011110111011
60 15 1696 DPWeight 34935 61.108852 111101011111001
61 15 1420 DPWeight 35055 62.366547 101011111111110
62 15 1992 DPWeight 34800 61.235755 101111111100111
63 15 1858 DPWeight 34305 65.075579 011111111101110
64 15 1928 DPWeight 33600 59.20006 111111000111111
65 15 1863 DPWeight 38655 68.627402 111110110110111
66 15 1621 DPWeight 33540 58.892092 111101011111101
67 15 1782 DPWeight 33690 60.549238 111111110111111
68 15 1845 DPWeight 34320 62.809387 111110101111110
69 15 1587 DPWeight 31200 63.19998 111101111100111
70 15 1910 DPWeight 36825 63.843408 110101111111110
71 15 2217 DPWeight 39075 68.976632 111110110110111
72 15 1933 DPWeight 33030 56.905357 111111111110111
73 15 1805 DPWeight 36960 66.611151 011101111111110
74 15 1999 DPWeight 35505 61.568431 111101010111111
75 15 1977 DPWeight 33300 60.461567 111101111101011
76 15 1772 DPWeight 37860 66.015699 111111110111010
77 15 1909 DPWeight 35730 72.472736 011011111111110
78 15 1802 DPWeight 36180 68.043173 111111011011101
79 15 1887 DPWeight 34635 66.3752 110101110111011
80 15 2027 DPWeight 32310 63.018892 111011111101011
81 15 2056 DPWeight 34815 65.773867 110011111111101
82 15 1796 DPWeight 28320 51.55849 011111111110101
83 15 1518 DPWeight 35295 62.020726 101111111101011
84 15 1366 DPWeight 37755 74.4723 111101110011111
85 15 1480 DPWeight 38205 75.755101 111001011111111
86 15 1596 DPWeight 33300 63.416132 111110011111011
87 15 1943 DPWeight 36840 70.455293 111111110101101
88 15 709 DPWeight 36060 65.943551 011111111111010
89 15 1405 DPWeight 38355 67.618703 110111111001111
90 15 1806 DPWeight 36555 64.359255 111101100111011
91 15 2013 DPWeight 32865 57.405487 001111110111111
92 15 2002 DPWeight 31950 58.941067 101010111111111
93 15 1816 DPWeight 36150 64.860336 111111011111001
94 15 1821 DPWeight 35970 65.946337 101101111011111
95 15 1741 DPWeight 32655 59.185462 111111110111111
96 15 1569 DPWeight 33540 61.657523 110111101111101
97 15 1564 DPWeight 36615 66.552926 011111101101111
98 15 1757 DPWeight 35745 65.669406 111111111010011
99 15 1615 DPWeight 37500 69.740934 111111100111101
100 15 2088 DPWeight 38445 71.889472 111011011101111
101 15 1706 DPWeight 33000 59.330218 011111111100111
102 15 1334 DPWeight 34875 64.273826 111111001111011
103 15 2079 DPWeight 37830 67.761378 100111111110111
104 15 1782 DPWeight 36780 67.210432 111101101011111
105 15 1687 DPWeight 37470 67.220788 111100101111101
106 15 1870 DPWeight 37020 69.42427 111111110001111
107 15 1276 DPWeight 35250 71.221255 111011101110111
108 15 1554 DPWeight 34740 61.257492 010111101111111
109 15 1992 DPWeight 35520 70.200712 011111101111110
110 15 2152 DPWeight 34380 68.90818 101111101111011
111 15 1891 DPWeight 36630 68.513466 101110110111111
112 15 1227 DPWeight 31905 62.367736 101111111111100
113 15 2246 DPWeight 36390 67.513491 101111101011111
114 15 1349 DPWeight 36315 68.960411 100111111011111
115 15 1661 DPWeight 34560 63.080366 111111111110010
116 15 2168 DPWeight 35580 63.391278 111111101111100
117 15 1771 DPWeight 31545 55.692499 111011001111111
118 15 2021 DPWeight 34515 59.704017 111101101111011
119 15 1375 DPWeight 37725 66.091446 101111011101111
120 15 1743 DPWeight 34215 60.345005 100111111110111
121 15 1886 DPWeight 32160 64.864143 111101110111101
122 15 2023 DPWeight 26205 47.820392 110010111111111
123 15 1687 DPWeight 32400 58.685576 111001011111111
124 15 1631 DPWeight 36045 63.667619 110001111111111
125 15 1407 DPWeight 36885 64.226908 111101011111011
126 15 1851 DPWeight 36555 64.970598 111111110110011
127 15 1769 DPWeight 31920 55.720895 010111101111111
128 15 1532 DPWeight 36240 63.993425 110110101111111
129 15 2002 DPWeight 35745 61.016141 101111110110111
130 15 1217 DPWeight 35730 64.148205 011111101110111
131 15 2138 DPWeight 36300 63.843094 101111111110110
132 15 1456 DPWeight 32955 61.491261 101110111111011
133 15 1592 DPWeight 36960 72.261105 111101111101011
134 15 1913 DPWeight 33015 62.207944 111011011111101
135 15 1823 DPWeight 36540 66.840642 110011111011111
136 15 1498 DPWeight 38685 69.703874 101111011011111
137 15 1683 DPWeight 37035 69.455835 001111111111110
138 15 1794 DPWeight 35925 66.607445 101111110111110
139 15 1501 DPWeight 36765 69.189375 111111111111000
140 15 1815 DPWeight 36690 65.067775 101111101111101
141 15 1633 DPWeight 34545 68.577137 111111100111110
142 15 1529 DPWeight 34560 66.475929 111111100110111
143 15 1634 DPWeight 35010 65.827649 111111001111110
144 15 1357 DPWeight 35265 69.571944 101111011111011
145 15 1614 DPWeight 35400 67.270371 110111011011111
146 15 1892 DPWeight 33930 67.088099 000111111111111
147 15 1969 DPWeight 30540 58.121563 111001111101111
148 15 1682 DPWeight 36180 66.247399 111011101111101
149 15 1418 DPWeight 34860 63.447853 111111110011011
150 15 1928 DPWeight 34275 61.067592 111111110011011
151 15 1992 DPWeight 35325 63.512574 111011001111111
152 15 1939 DPWeight 37470 65.831316 111001111111101
153 15 1574 DPWeight 36105 67.573892 001111111110111
154 15 1724 DPWeight 36390 64.66957 101111111110100
155 15 1672 DPWeight 36375 66.916855 111011111110110
156 15 1802 DPWeight 33645 59.218715 011101011111111
157 15 1646 DPWeight 35400 65.573392 111111110110011
158 15 1635 DPWeight 36345 66.334715 101101111111101
159 15 1399 DPWeight 32760 61.120807 010111111101111
160 15 1897 DPWeight 34440 63.74385 111101101101111
161 15 2073 DPWeight 35565 67.437962 111011101101111
162 15 1641 DPWeight 38460 69.070556 001111111101111
163 15 1875 DPWeight 35760 65.361139 111110011111011
164 15 1752 DPWeight 35940 65.508838 110101111011111
165 15 1766 DPWeight 32655 60.39772 111101011111001
166 15 1424 DPWeight 33600 63.537158 111110111111001
167 15 1803 DPWeight 37560 69.917958 011011111111101
168 15 1534 DPWeight 38085 73.585452 011111111100111
169 15 1783 DPWeight 35460 74.247269 111011110011111
170 15 1575 DPWeight 36210 70.120527 011111011111011
171 15 1683 DPWeight 36630 69.550281 110111110011111
172 15 2075 DPWeight 34005 60.497373 111111101001111
173 15 1890 DPWeight 34680 65.174865 101111011101111
174 15 1661 DPWeight 35190 65.077377 011111011111110
175 15 1201 DPWeight 34650 61.391166 011111111001111
176 15 1810 DPWeight 36660 66.296847 111110101111110
177 15 1821 DPWeight 32370 57.39281 110110111111101
178 15 1734 DPWeight 37500 65.528762 111010111111110
179 15 1545 DPWeight 36540 72.074064 011111111101101
180 15 1639 DPWeight 33165 60.038284 111111101101011
181 15 2188 DPWeight 33330 59.374644 110011111111011
182 15 1801 DPWeight 36300 64.068606 010011111110111
183 15 1864 DPWeight 35310 63.48298 111110111010110
184 15 1754 DPWeight 36750 66.012186 111011111111001
185 15 2232 DPWeight 32805 59.37827 110101111011111
186 15 1876 DPWeight 37530 67.849461 000111111111111
187 15 1877 DPWeight 35520 69.880804 101110111111011
188 15 1927 DPWeight 37470 70.965185 111110111011110
189 15 1649 DPWeight 36345 67.527608 101111111011101
190 15 2230 DPWeight 33165 61.365416 111011011110111
191 15 1841 DPWeight 35160 78.877945 111011111011100
192 15 1836 DPWeight 37740 71.333438 110101111011111
193 15 2204 DPWeight 39360 72.345591 101111011111101
194 15 1970 DPWeight 36300 66.22889 111110111101101
195 15 1658 DPWeight 34620 63.775251 110110111101101
196 15 1884 DPWeight 34170 62.782191 110111101011111
197 15 1707 DPWeight 36645 71.500432 111111111000111
198 15 2092 DPWeight 36645 67.22234 101111011111110
199 15 1936 DPWeight 36240 67.997463 111111010101111
200 15 2317 DPWeight 37605 70.61405 111010111111011
201 15 1455 DPWeight 35925 67.262882 111110110101111
202 15 1651 DPWeight 36180 66.959171 101111111110101
203 15 1371 DPWeight 38295 73.880637 111110110111011
204 15 1940 DPWeight 36900 66.772021 010111111011011
205 15 2129 DPWeight 35220 66.232468 111101111011101
206 15 1629 DPWeight 33780 64.962016 101011101101111
207 15 2065 DPWeight 33525 59.772236 110111110111101
208 15 1998 DPWeight 38010 67.089863 010111101111111
209 15 2384 DPWeight 34020 62.319841 011111110111011
210 15 1110 DPWeight 35025 62.356477 101101110111111
211 15 1897 DPWeight 38055 70.338621 111111011011110
212 15 2035 DPWeight 37380 68.807452 011111111010111
213 15 2140 DPWeight 36405 68.215213 111001011111111
214 15 1894 DPWeight 31140 56.750816 101110111111011
215 15 1661 DPWeight 35880 65.740343 110111111011110
216 15 2110 DPWeight 35280 63.396458 111011111111100
217 15 1599 DPWeight 37200 67.843093 111111110001101
218 15 1406 DPWeight 34035 62.567601 111111110111101
219 15 1825 DPWeight 34530 62.014069 001111111111110
220 15 1370 DPWeight 35955 65.755747 101111111111010
221 15 1588 DPWeight 36930 68.704361 111111011011011
222 15 1723 DPWeight 36915 69.469455 110111111111001
223 15 1668 DPWeight 34200 60.710462 110011111111101
224 15 1662 DPWeight 34500 65.955937 111111101011101
225 15 1671 DPWeight 36510 78.321825 110111011111101
226 15 2016 DPWeight 35070 64.980161 011111111001111
227 15 1461 DPWeight 35445 68.421831 101110111011111
228 15 1350 DPWeight 32940 63.036393 011110101111111
229 15 1543 DPWeight 32205 59.576886 111001111011110
230 15 1724 DPWeight 35850 66.254526 110111111101110
231 15 1717 DPWeight 35085 63.392842 010011111111111
232 15 1509 DPWeight 38400 67.864304 111001110111111
233 15 1832 DPWeight 31335 54.337415 110111011110101
234 15 1416 DPWeight 37485 65.752287 011111011111101
235 15 2103 DPWeight 35115 60.462538 110111111110110
236 15 1901 DPWeight 38580 68.61635 101111011110111
237 15 1848 DPWeight 34965 60.998665 111001001111111
238 15 1796 DPWeight 33585 59.095857 011111110111110
239 15 1838 DPWeight 36360 64.904008 101111111110110
240 15 1775 DPWeight 40560 82.594207 111111001111110
241 15 1902 DPWeight 35955 62.703551 101111011101111
242 15 2010 DPWeight 32400 57.140847 111111111110101
243 15 2076 DPWeight 35160 60.923599 101111101111101
244 15 1574 DPWeight 36300 66.382535 111111110101010
245 15 1662 DPWeight 37560 66.949569 011011111111110
246 15 1878 DPWeight 35400 70.817992 110101011111111
247 15 1841 DPWeight 35985 70.018803 110111111100111
248 15 2095 DPWeight 27675 54.422679 111111101010111
249 15 1090 DPWeight 33375 62.488117 111100110111111
250 15 2049 DPWeight 37140 69.306769 011111110011111
