1 15 2420 DPWeight 23520 46.621087 111101111011111
2 15 1725 DPWeight 26970 52.742446 101101111111011
3 15 1586 DPWeight 26460 47.893562 110111111111001
4 15 1709 DPWeight 33360 60.205909 110110111111011
5 15 1805 DPWeight 30480 55.642302 010111111111110
6 15 1571 DPWeight 31965 56.314738 111011101101111
7 15 1839 DPWeight 30000 53.448033 110111111110101
8 15 2334 DPWeight 31050 55.139367 111111011001111
9 15 2079 DPWeight 33480 58.99526 111110010111111
10 15 1540 DPWeight 31410 57.739415 110111111111100
11 15 1581 DPWeight 21375 38.926456 010111110111111
12 15 1848 DPWeight 29460 52.471127 111110011011111
13 15 1488 DPWeight 28860 53.44767 011110111111110
14 15 1976 DPWeight 27960 51.830148 010011111111111
15 15 1953 DPWeight 31425 61.34597 111111111100011
16 15 1603 DPWeight 30600 53.270415 101111001111111
17 15 1446 DPWeight 30660 54.124565 111110111100111
18 15 2193 DPWeight 26130 45.03027 101111111111001
19 15 2049 DPWeight 29685 53.043727 110011011111111
20 15 1961 DPWeight 27510 49.308538 110101111011111
21 15 1645 DPWeight 23115 39.796159 110111111011011
22 15 1824 DPWeight 30900 54.808932 011111111101101
23 15 1688 DPWeight 24735 43.246967 110111110111111
24 15 1830 DPWeight 30960 57.557437 111100101111111
25 15 1896 DPWeight 26160 51.706528 110111111101110
26 15 1737 DPWeight 33060 67.471546 010111110111111
27 15 1576 DPWeight 30060 57.037924 111111111100101
28 15 1762 DPWeight 30330 57.621718 110111110110111
29 15 2095 DPWeight 34440 70.821829 111111110110011
30 15 1839 DPWeight 29640 57.325782 111111111111000
31 15 1955 DPWeight 31440 60.599091 111111101011011
32 15 1596 DPWeight 24315 51.820413 111111011011110
33 15 1826 DPWeight 23910 46.096947 011111111101011
34 15 1916 DPWeight 25440 48.153186 111111100111111
35 15 1974 DPWeight 26115 49.886615 110110101111111
36 15 1700 DPWeight 32085 67.190847 011101111101111
37 15 1551 DPWeight 31170 64.214028 111011101101011
38 15 1679 DPWeight 22605 44.471742 110111101111111
39 15 2195 DPWeight 26310 52.186595 111111111101110
40 15 1867 DPWeight 28080 53.446983 111001111011111
41 15 1693 DPWeight 33495 61.514087 111101111110110
42 15 1808 DPWeight 28470 55.842245 111001110111111
43 15 1631 DPWeight 28455 52.752212 100111111111101
44 15 1774 DPWeight 30120 54.969581 111111110110011
45 15 1738 DPWeight 30885 64.522142 101011111101111
46 15 1442 DPWeight 27495 53.131993 111011111101101
47 15 1958 DPWeight 32880 62.073155 011011101111111
48 15 1673 DPWeight 27210 50.988931 111100111111111
49 15 1546 DPWeight 31185 58.215242 111111111010101
50 15 1844 DPWeight 29925 52.671427 111101101101111
51 15 1724 DPWeight 32535 57.547311 111001111111101
52 15 1585 DPWeight 30180 52.162733 100111111110111
53 15 1942 DPWeight 27795 49.83396 111101111110011
54 15 1901 DPWeight 27000 47.797149 111111010101111
55 15 1552 DPWeight 26610 46.662655 101111101110111
56 15 2003 DPWeight 28170 58.482471 111111011111001
57 15 1525 DPWeight 22155 50.727554 111111111001111
58 15 1803 DPWeight 33225 65.480616 111111100111101
59 15 1289 DPWeight 24660 50.502388 111011001011111
60 15 1747 DPWeight 31650 61.680999 111111111011111
61 15 1304 DPWeight 24780 48.918129 111101011110111
62 15 1829 DPWeight 29820 56.322544 110111110111011
63 15 2342 DPWeight 29880 55.164856 101111110111011
64 15 1326 DPWeight 23475 42.672324 101011111111111
65 15 1576 DPWeight 27165 52.836716 111101111101111
66 15 1586 DPWeight 32550 63.134402 010111111111110
67 15 1776 DPWeight 29985 53.806705 111101010111111
68 15 1716 DPWeight 28425 53.785085 011111111011101
69 15 1726 DPWeight 26145 47.51777 100111011011111
70 15 1986 DPWeight 30645 56.15485 111111100111101
71 15 1854 DPWeight 31050 56.188641 101101111101111
72 15 2060 DPWeight 26145 45.094916 101111110011111
73 15 1192 DPWeight 34800 60.960187 101110101111111
74 15 1660 DPWeight 26070 45.881673 110111111101111
75 15 1523 DPWeight 31275 55.97703 111111111001110
76 15 1816 DPWeight 34815 62.144272 011110110111111
77 15 1773 DPWeight 26040 47.477815 101111011111101
78 15 1596 DPWeight 28230 50.928534 111111110110011
79 15 1845 DPWeight 24855 44.004239 111110110111110
80 15 2041 DPWeight 32820 59.336283 111011111010111
81 15 1434 DPWeight 31785 56.00592 111100111111101
82 15 1627 DPWeight 28245 51.058268 111111010111011
83 15 1823 DPWeight 30960 56.584962 111111100111101
84 15 2014 DPWeight 32610 59.416634 111010101101111
85 15 2153 DPWeight 32985 58.97788 111110111001111
86 15 1763 DPWeight 28935 50.889896 110111111011011
87 15 1617 DPWeight 27555 51.254456 111111101111001
88 15 1833 DPWeight 37635 67.962886 011111101111101
89 15 2076 DPWeight 31335 66.263107 001110111111111
90 15 1918 DPWeight 30480 62.338505 111111100111011
91 15 1741 DPWeight 26280 47.128298 111111001011111
92 15 1854 DPWeight 26070 46.22908 111111101110110
93 15 1694 DPWeight 31185 56.822709 101111101011111
94 15 1348 DPWeight 25140 44.207753 011111001111111
95 15 1797 DPWeight 24210 43.784156 101011111110111
96 15 2140 DPWeight 24420 44.158407 110111111111101
97 15 1950 DPWeight 28665 51.305919 111111011010111
98 15 1252 DPWeight 27600 49.765495 110111111011101
99 15 2071 DPWeight 29535 53.43512 111100111011111
100 15 1473 DPWeight 31080 56.473845 111101011110011
101 15 1356 DPWeight 26505 48.851395 111111101111011
102 15 1913 DPWeight 30480 56.854639 110011111111110
103 15 1701 DPWeight 30465 59.857875 110110101111111
104 15 1828 DPWeight 30540 55.784062 111101111001101
105 15 1512 DPWeight 32400 58.818803 111011011111011
106 15 1810 DPWeight 27915 48.972483 111111010101110
107 15 1544 DPWeight 27810 50.089214 001111101111111
108 15 2420 DPWeight 31890 57.030635 011111001111111
109 15 1836 DPWeight 24525 44.848966 110011111111111
110 15 1666 DPWeight 29550 56.383281 111101101111011
111 15 1578 DPWeight 27480 56.502687 111101001111111
112 15 1829 DPWeight 28035 56.506232 110101111111111
113 15 2034 DPWeight 28530 54.748591 011101101111111
114 15 1550 DPWeight 26475 49.989257 111111101011111
115 15 1824 DPWeight 23970 42.749581 111111111001111
116 15 1006 DPWeight 22800 40.791288 110111111011001
117 15 2077 DPWeight 26085 47.315484 101111010111111
118 15 2111 DPWeight 32400 59.329641 111100111111011
119 15 1766 DPWeight 31440 58.08858 111001111110111
120 15 2126 DPWeight 29475 52.033306 111111011011110
121 15 1801 DPWeight 27540 48.14869 111111011101011
122 15 1758 DPWeight 31605 57.476316 111111010111011
123 15 1614 DPWeight 30240 53.609754 111111100101111
124 15 1553 DPWeight 26550 48.313421 011111111111110
125 15 1629 DPWeight 30660 54.953146 111011110111110
126 15 1692 DPWeight 30180 55.634005 011111111110011
127 15 2097 DPWeight 31200 56.985071 111100111111011
128 15 2035 DPWeight 28950 52.300405 011111101111011
129 15 1510 DPWeight 32055 59.489786 011111011101111
130 15 1885 DPWeight 34170 60.806199 010111101111111
131 15 1928 DPWeight 25140 48.849187 011111111011111
132 15 1662 DPWeight 31920 56.786017 110111111010111
133 15 1589 DPWeight 32700 57.666668 110110110111111
134 15 1284 DPWeight 33270 59.580496 111110111111010
135 15 1817 DPWeight 28440 50.644701 111111111001110
136 15 1639 DPWeight 19620 35.334908 111111101010111
137 15 1827 DPWeight 26790 48.086179 111101001111111
138 15 1705 DPWeight 31650 56.027448 110111101101111
139 15 1843 DPWeight 31770 58.28706 111111110101110
140 15 1567 DPWeight 27585 51.678032 101011111110111
141 15 2281 DPWeight 25170 47.43369 111110111111011
142 15 1486 DPWeight 24720 47.018676 110111011011111
143 15 1714 DPWeight 29985 54.928222 001011111111111
144 15 1437 DPWeight 32760 64.542737 111001101110111
145 15 1739 DPWeight 28680 61.324908 111111110111100
146 15 1547 DPWeight 26430 48.637796 111101011111011
147 15 1668 DPWeight 28500 50.21331 011111111111110
148 15 1642 DPWeight 28380 49.923687 110101111101111
149 15 1926 DPWeight 29475 53.766998 110111111101110
150 15 1383 DPWeight 34380 60.960281 111111101101101
151 15 1279 DPWeight 33765 60.658193 111111111110010
152 15 1775 DPWeight 28845 50.49231 110111111101101
153 15 1677 DPWeight 34815 62.801178 111110110101111
154 15 1752 DPWeight 24675 44.597014 111110110111011
155 15 1815 DPWeight 33810 59.31513 110111111110110
156 15 1516 DPWeight 31575 56.51052 110111010110111
157 15 1502 DPWeight 25395 46.010783 111101101011111
158 15 1896 DPWeight 27285 50.909428 110111011111001
159 15 1519 DPWeight 28905 55.820143 111111100111011
160 15 1463 DPWeight 32280 57.621386 111101111011011
161 15 1834 DPWeight 32205 59.162431 011110111011110
162 15 1898 DPWeight 27420 48.271311 111111000111111
163 15 1855 DPWeight 30900 53.452142 111111100111101
164 15 1835 DPWeight 28680 50.156094 111111111010101
165 15 1753 DPWeight 24225 41.942618 111111110111010
166 15 1485 DPWeight 24435 43.290901 110101101111111
167 15 1963 DPWeight 32085 56.883369 111101110111101
168 15 1830 DPWeight 26565 47.874894 111111011011110
169 15 1650 DPWeight 31170 56.776495 011011110111111
170 15 1713 DPWeight 27030 48.992804 011111111100111
171 15 1946 DPWeight 28515 52.084119 111011111101101
172 15 2296 DPWeight 33270 59.818986 011101110101111
173 15 1514 DPWeight 29040 53.652803 011111110101111
174 15 1598 DPWeight 30375 58.146208 111011111000111
175 15 1272 DPWeight 31155 63.317233 101111011111110
176 15 1579 DPWeight 27765 55.09601 111111101101011
177 15 2091 DPWeight 34665 76.228261 001110111111111
178 15 1815 DPWeight 34800 99.964741 111111111001110
179 15 1738 DPWeight 24510 76.945914 101111100111111
180 15 2123 DPWeight 25635 128.897923 111110111111010
181 15 1851 DPWeight 25425 168.915729 101111111110111
182 15 2178 DPWeight 28635 101.545083 111011001111111
183 15 1429 DPWeight 28020 122.428828 111110011111011
184 15 1496 DPWeight 28500 125.270218 101111101111011
185 15 1493 DPWeight 30345 154.7581 110111111110011
186 15 1702 DPWeight 31860 154.46361 111111101110011
187 15 1950 DPWeight 29700 129.201895 100011111111111
188 15 1802 DPWeight 30900 122.187821 111111111101101
189 15 1847 DPWeight 22065 114.990869 111110101111111
190 15 2103 DPWeight 28590 98.417188 111111110101011
191 15 1551 DPWeight 28560 87.177627 111111011010111
192 15 1817 DPWeight 32550 104.900284 110111111011101
193 15 1280 DPWeight 28125 178.03148 111011111110110
194 15 2029 DPWeight 29625 128.672007 011011111110111
195 15 1720 DPWeight 32115 146.360604 111111101001111
196 15 1572 DPWeight 30000 61.187465 111110111111100
197 15 1605 DPWeight 29580 55.071671 111110111111010
198 15 2049 DPWeight 31650 63.669152 011110110111111
199 15 1929 DPWeight 31845 72.821252 111011111011110
200 15 1705 DPWeight 28995 60.299973 111111101110111
201 15 1832 DPWeight 32340 57.047994 111001110111111
202 15 1937 DPWeight 33210 58.74878 111011110101111
203 15 1950 DPWeight 24810 43.289667 111111001110110
204 15 2194 DPWeight 33945 59.479866 110110011111111
205 15 1367 DPWeight 32760 56.2556 111110110111110
206 15 2151 DPWeight 25575 44.718328 110111011110111
207 15 2264 DPWeight 28365 49.973035 111111110110011
208 15 2142 DPWeight 30390 54.840828 111111111010110
209 15 1409 DPWeight 27240 47.382344 111110011111011
210 15 1689 DPWeight 25500 54.546455 011110101111111
211 15 1802 DPWeight 25515 49.932409 111110111010111
212 15 1361 DPWeight 34560 59.517253 110110011111111
213 15 1851 DPWeight 28440 49.898678 011111111011111
214 15 1759 DPWeight 35430 60.35243 111001111011111
215 15 1748 DPWeight 30195 53.275155 111111110111111
216 15 1723 DPWeight 29250 52.211111 101011111111101
217 15 1780 DPWeight 33135 63.015405 110111111111010
218 15 1982 DPWeight 31515 55.982101 111011111110110
219 15 1524 DPWeight 30840 57.797217 011011111101111
220 15 1802 DPWeight 26685 47.821407 111011111001111
221 15 1693 DPWeight 25980 46.802153 101111100111111
222 15 1978 DPWeight 28305 51.347197 011111111111100
223 15 2102 DPWeight 29445 56.671861 110111110110111
224 15 1888 DPWeight 27945 54.781484 111101101011111
225 15 1663 DPWeight 22560 40.088829 111111101111101
226 15 2091 DPWeight 29415 51.858333 111011111011101
227 15 1202 DPWeight 30465 54.905716 111101111011101
228 15 1863 DPWeight 30540 53.576495 110111111111100
229 15 1551 DPWeight 24420 42.686544 111101111011111
230 15 1847 DPWeight 26520 53.361426 011111011111111
231 15 1715 DPWeight 30900 58.156634 101101111110111
232 15 1594 DPWeight 23160 41.668414 111111111111010
233 15 1413 DPWeight 32250 56.520809 110111001110111
234 15 1620 DPWeight 27450 48.123521 101111111101110
235 15 1993 DPWeight 27570 47.428997 111001111111011
236 15 1892 DPWeight 21660 38.81899 100111110111111
237 15 1828 DPWeight 32280 57.730208 101111111011101
238 15 1715 DPWeight 28365 49.258229 111011111101010
239 15 1439 DPWeight 30780 53.213362 111110111001111
240 15 1456 DPWeight 29865 52.481029 111011111101101
241 15 2265 DPWeight 28320 50.145218 111010111101111
242 15 2116 DPWeight 25575 43.708 111011011111111
243 15 1590 DPWeight 20160 35.382991 110101111111101
244 15 1797 DPWeight 32175 54.984548 110111110110111
245 15 1371 DPWeight 29310 51.108627 111111011011101
246 15 2111 DPWeight 27780 48.588095 111111110001111
247 15 1483 DPWeight 27240 48.961462 101011111111110
248 15 1661 DPWeight 31755 54.406514 110011111111011
249 15 1724 DPWeight 26490 46.538821 011111110111110
250 15 1906 DPWeight 27435 48.675905 011111101111011
