1 15 603 15 18 72 77 26 75 35 39 19 24 78 22 25 90 96 53 31 64 9 98 97 65 61 83 61 74 42 47 87 66
2 15 587 48 36 59 33 35 98 19 23 34 7 76 79 27 85 12 29 38 41 99 24 10 79 90 53 63 67 45 85 79 70
3 15 475 5 90 42 80 8 15 71 29 1 58 39 1 11 81 37 38 98 56 43 52 78 30 13 24 57 58 85 83 6 78
4 15 655 17 83 71 58 36 48 88 76 64 24 81 36 69 16 86 5 81 26 14 22 85 54 20 66 52 44 38 94 17 3
5 15 551 17 69 67 57 83 98 12 36 8 36 88 49 82 61 34 21 30 78 55 75 87 83 13 10 93 64 17 87 3 58
6 15 586 96 41 90 1 8 53 76 20 99 10 6 54 34 81 32 10 86 65 51 8 18 31 19 19 1 38 97 25 20 2
7 15 625 27 72 54 88 30 40 53 26 83 61 50 64 69 18 10 95 55 53 38 72 71 87 98 76 83 40 58 84 3 3
8 15 638 41 78 74 91 19 73 58 75 4 42 87 51 37 76 82 28 55 1 84 93 98 59 52 27 68 1 34 91 5 1
9 15 599 94 91 71 43 25 36 82 95 80 66 2 69 55 67 64 90 51 62 40 11 12 33 16 92 1 52 59 68 97 77
10 15 664 5 16 99 16 47 7 92 83 87 40 36 66 91 61 78 6 29 15 65 53 18 65 76 15 34 11 26 27 48 89
11 15 632 97 42 70 42 71 39 6 54 84 97 57 35 32 2 82 18 35 27 8 38 86 23 26 18 97 44 36 51 3 27
12 15 663 68 47 88 59 62 55 88 22 11 55 98 91 19 64 50 7 58 84 60 55 36 39 5 54 41 66 96 55 49 24
13 15 668 98 74 22 35 19 32 20 64 59 53 66 84 44 40 56 72 41 59 89 26 84 66 85 47 65 98 29 64 58 51
14 15 572 29 98 31 40 6 50 43 54 33 83 45 13 70 59 94 22 78 57 22 35 15 96 34 92 85 77 64 60 66 73
15 15 685 90 90 7 92 37 63 8 79 66 80 55 60 60 71 55 3 42 38 99 84 31 22 90 53 61 6 93 92 63 53
16 15 779 42 28 85 50 41 93 20 66 11 14 100 72 15 73 100 94 65 75 62 13 67 5 100 89 93 56 83 46 90 76
17 15 801 80 6 68 35 100 26 90 69 41 32 86 19 26 6 69 27 8 85 85 87 71 71 85 92 23 77 82 8 88 35
18 15 768 100 40 68 93 16 46 49 12 90 26 86 54 80 56 21 99 75 14 87 53 58 50 98 89 7 52 50 34 75 48
19 15 596 48 91 50 79 96 26 5 48 7 51 1 41 12 77 13 68 66 1 70 4 43 90 97 95 70 93 97 69 71 3
20 15 609 5 89 14 70 70 78 35 85 30 43 93 64 48 76 35 52 98 6 54 76 51 83 60 88 40 98 62 73 67 95
21 15 602 44 94 73 59 68 18 22 68 14 76 91 28 42 69 31 61 41 34 35 27 21 65 64 83 85 3 59 86 63 32
22 15 594 69 89 80 26 49 12 33 43 32 49 97 38 13 69 41 14 63 44 8 17 30 33 99 25 14 16 72 58 43 53
23 15 642 32 38 92 56 98 28 27 32 52 14 32 87 98 95 23 84 10 41 80 31 39 42 46 19 19 17 72 55 83 73
24 15 556 74 19 12 12 28 50 2 68 78 85 24 6 50 61 20 89 81 60 52 53 48 32 87 80 62 49 59 95 19 32
25 15 593 42 87 68 49 25 21 85 9 49 70 72 4 15 59 72 68 13 70 56 80 30 9 36 2 81 99 34 26 64 12
26 15 675 93 85 26 18 41 56 7 74 39 24 58 15 34 40 98 96 68 56 53 98 85 6 67 32 85 43 70 28 20 17
27 15 629 53 85 2 65 51 84 97 37 12 87 75 6 2 39 22 48 94 42 70 54 67 9 23 3 66 61 96 15 57 38
28 15 470 16 51 84 67 44 11 14 14 46 12 16 80 27 87 5 81 54 53 40 59 44 41 31 88 39 17 89 1 39 68
29 15 551 49 89 48 17 2 91 1 53 25 54 44 31 20 90 28 30 69 52 2 35 83 89 80 5 53 17 94 76 91 62
30 15 660 72 60 90 5 34 13 10 79 38 30 30 35 21 56 89 48 81 88 7 71 94 61 74 91 86 76 62 92 37 72
31 15 615 68 19 54 26 61 54 30 50 62 74 19 29 63 94 9 82 37 28 76 66 68 39 73 52 34 56 43 47 72 37
32 15 736 100 60 99 7 51 91 44 31 46 69 56 38 92 49 54 59 1 4 45 82 86 55 34 24 37 91 89 13 86 66
33 15 543 63 40 4 34 79 42 45 97 85 33 88 46 13 61 65 97 13 61 5 17 15 1 53 91 63 2 3 94 85 74
34 15 620 9 42 7 48 20 91 94 85 84 7 41 77 47 48 40 5 96 98 44 17 93 71 13 83 81 22 56 100 50 7
35 15 668 71 46 86 37 35 66 44 26 54 46 42 49 100 85 29 43 78 22 30 44 31 49 96 98 59 73 32 82 48 42
36 15 518 4 93 60 43 81 44 19 56 77 73 16 87 60 20 42 6 31 93 45 70 26 10 49 98 57 4 70 1 11 13
37 15 518 19 61 15 79 53 82 78 50 23 17 98 88 10 67 13 93 8 51 95 55 51 31 77 38 89 49 9 3 10 33
38 15 552 97 59 71 4 43 85 6 32 49 76 82 42 90 65 63 41 11 77 1 67 8 75 49 36 84 51 18 91 19 12
39 15 589 73 40 87 74 3 71 48 90 81 90 31 10 80 25 83 36 15 64 45 59 63 5 13 81 10 18 41 4 64 34
40 15 551 4 85 82 38 47 13 76 93 62 15 17 42 51 11 11 55 33 76 69 79 40 68 9 95 85 54 81 95 22 2
41 15 616 49 89 77 90 16 89 89 44 71 87 30 48 19 10 73 74 99 75 53 44 76 12 87 7 11 59 2 51 19 43
42 15 665 74 4 19 94 98 31 32 63 54 48 35 96 84 95 26 85 50 98 31 28 75 18 40 49 77 29 100 98 37 5
43 15 637 39 58 75 40 7 100 39 55 64 79 93 82 99 57 79 46 71 26 69 63 81 24 9 65 30 12 40 63 2 10
44 15 576 47 58 49 51 28 69 15 62 11 20 45 11 60 39 75 84 96 48 75 6 63 54 48 93 77 10 29 36 3 42
45 15 492 50 77 12 31 4 66 38 92 88 7 38 1 12 69 54 34 34 8 28 68 67 23 40 82 58 37 65 46 27 19
46 15 480 22 74 11 22 64 21 14 28 78 86 32 77 67 5 90 4 2 3 52 23 49 28 12 84 16 9 46 63 45 2
47 15 493 43 98 59 14 44 29 72 74 45 19 10 37 20 96 46 93 54 62 12 55 59 37 7 41 50 46 35 9 61 72
48 15 771 92 99 49 87 52 60 79 13 67 66 72 3 88 23 72 94 16 66 99 16 5 58 95 3 80 43 21 94 77 75
49 15 489 49 95 10 41 85 40 30 72 43 61 31 13 77 39 62 9 21 19 7 41 97 76 65 10 1 3 1 39 33 69
50 15 494 61 22 33 98 34 3 20 20 23 37 39 51 6 70 14 41 72 60 55 7 97 75 96 17 11 33 29 90 28 70
51 15 642 87 33 41 97 68 9 83 16 9 55 40 12 78 34 81 35 1 35 69 86 83 6 67 20 30 25 34 86 32 33
52 15 767 96 6 23 18 68 58 50 40 87 71 25 85 72 52 72 86 95 35 86 98 9 100 81 51 87 9 89 90 19 58
53 15 615 90 64 60 56 74 15 52 89 44 42 59 98 52 41 51 21 12 39 9 84 82 17 64 26 13 45 11 16 96 77
54 15 634 73 45 85 22 61 92 32 35 46 56 2 79 34 31 30 61 73 86 96 37 94 73 54 33 18 52 24 95 71 28
55 15 661 33 70 25 49 25 21 35 84 91 1 99 32 86 29 77 85 73 100 74 40 17 2 28 42 80 75 4 97 80 67
56 15 689 88 22 99 96 75 79 47 23 4 96 97 31 46 75 32 54 42 94 63 69 86 86 45 2 86 48 48 29 4 71
57 15 581 77 32 25 6 16 28 40 4 96 83 64 45 66 1 83 66 46 94 36 1 46 70 11 56 32 97 55 38 34 79
58 15 592 57 42 30 32 5 12 93 81 56 41 81 95 44 72 16 56 63 88 48 43 84 95 59 72 74 88 12 17 18 49
59 15 612 69 55 24 79 1 39 15 47 53 73 66 71 59 1 7 33 52 76 42 23 95 98 89 68 48 56 96 82 50 49
60 15 656 52 40 56 96 15 9 62 21 81 57 28 49 86 22 70 55 75 99 25 73 98 1 43 33 77 26 38 15 14 5
61 15 681 48 15 34 48 38 3 94 93 13 24 83 98 50 56 59 65 69 74 55 2 50 38 47 86 82 87 43 91 87 35
62 15 773 79 73 87 25 91 84 81 46 85 23 90 61 98 58 41 81 17 16 69 67 7 93 74 77 93 100 30 11 25 79
63 15 592 57 53 56 85 60 58 31 100 4 24 28 66 100 100 8 100 78 70 13 45 72 48 58 84 58 78 29 53 88 90
64 15 673 71 55 59 48 79 55 72 44 8 93 36 39 49 68 36 53 70 69 50 88 79 79 78 32 97 44 12 43 46 3
65 15 653 40 58 86 11 62 30 79 35 86 15 32 27 9 36 81 77 8 91 49 21 75 72 31 3 71 34 84 39 24 100
66 15 732 72 35 47 10 92 9 24 20 94 69 32 96 100 1 31 18 68 48 66 32 47 52 42 78 73 12 70 80 57 38
67 15 580 16 30 10 73 66 43 97 90 6 15 83 22 36 30 69 91 15 37 63 94 50 10 30 4 82 56 53 78 49 7
68 15 478 19 50 63 19 34 7 39 37 61 93 51 43 28 3 41 78 17 36 12 11 42 11 4 89 63 41 69 65 55 4
69 15 564 43 69 77 59 16 6 56 54 13 1 57 16 74 26 29 24 57 97 19 77 27 42 21 9 70 73 79 70 68 70
70 15 466 2 62 17 18 57 26 38 81 61 75 10 98 51 21 72 33 36 85 10 64 18 81 12 23 63 65 38 85 98 21
71 15 605 31 16 96 43 83 21 24 72 61 30 83 88 94 81 72 53 37 43 1 82 17 78 96 22 27 24 16 32 19 1
72 15 569 25 14 27 8 84 3 41 7 5 92 57 68 78 88 42 92 26 22 71 36 61 4 5 66 86 51 25 88 79 59
73 15 643 95 63 44 31 36 87 94 21 41 90 49 16 83 50 9 63 38 87 48 88 88 65 53 32 65 20 11 90 50 34
74 15 504 12 77 20 16 52 4 68 72 20 93 33 13 76 35 41 73 19 71 3 8 95 53 94 69 15 5 40 94 43 54
75 15 582 15 91 40 99 50 92 65 9 98 42 44 2 40 49 89 75 28 31 65 74 56 12 39 93 34 95 29 96 36 45
76 15 712 75 100 84 44 71 68 88 8 1 16 97 19 48 51 28 50 73 99 31 21 99 52 68 74 77 22 31 14 20 71
77 15 600 20 65 69 60 41 91 59 33 88 74 52 87 18 13 32 5 48 5 99 4 13 94 29 31 90 24 5 32 88 66
78 15 618 67 84 29 60 59 26 65 24 77 91 69 84 43 51 26 58 20 60 42 64 64 12 69 78 43 44 20 44 80 22
79 15 728 14 31 72 69 22 72 54 49 14 87 79 45 60 15 73 66 95 67 53 5 57 62 48 4 86 63 94 70 89 67
80 15 687 88 63 97 17 75 56 96 53 35 1 76 13 45 55 57 8 28 44 89 36 54 86 18 86 64 36 26 23 11 43
81 15 593 6 65 51 96 17 36 54 99 84 13 16 28 35 32 47 6 40 30 83 13 97 8 55 55 48 88 29 11 80 82
82 15 470 1 87 43 43 51 23 10 57 70 16 79 80 57 52 41 72 20 5 44 21 37 81 54 78 33 86 4 5 44 10
83 15 658 44 7 77 82 88 63 65 15 3 38 85 74 95 6 81 9 6 100 25 70 85 18 78 50 32 24 26 2 33 27
84 15 706 34 95 71 12 61 26 24 57 36 4 72 51 85 93 30 76 53 29 93 34 78 81 45 86 78 44 80 14 43 86
85 15 603 29 14 45 36 22 55 9 85 52 1 86 16 72 81 77 14 72 86 43 40 11 14 39 3 82 54 64 61 51 64
86 15 594 47 37 8 37 93 94 37 46 38 76 21 50 94 74 3 1 65 36 59 48 93 52 60 73 11 77 74 38 40 16
87 15 749 67 9 74 7 31 14 59 57 88 28 76 79 54 92 61 13 65 81 12 36 88 28 94 100 54 93 29 92 85 31
88 15 622 31 29 92 51 84 71 90 63 83 3 24 30 56 51 16 12 34 68 27 4 24 96 64 60 94 68 26 66 33 17
89 15 672 65 72 19 94 84 2 84 41 84 99 98 17 42 41 16 2 40 6 83 76 61 21 90 43 3 65 57 78 15 65
90 15 671 98 24 76 31 45 64 64 82 48 70 16 58 28 39 70 19 87 78 53 52 38 57 98 67 17 10 89 74 12 1
91 15 560 85 51 100 40 23 71 26 91 38 25 22 40 28 84 61 23 26 67 55 57 35 75 57 35 62 40 36 32 46 12
92 15 641 5 90 39 17 82 64 6 16 65 97 24 5 37 37 86 87 50 66 79 68 27 42 81 40 98 5 70 48 53 90
93 15 608 76 57 42 53 33 11 68 84 66 39 23 19 94 38 44 43 15 65 37 36 59 10 99 72 1 3 89 66 15 76
94 15 667 97 4 49 14 61 60 69 36 24 69 5 36 98 95 28 68 43 82 29 63 68 12 99 9 46 72 60 74 58 72
95 15 564 47 90 19 4 62 22 74 37 86 68 34 57 88 84 1 66 52 29 40 99 96 47 11 31 37 2 32 75 26 60
96 15 698 92 100 65 8 41 6 50 69 66 62 91 64 87 20 88 80 48 51 78 13 5 14 2 50 99 61 15 71 46 22
97 15 602 57 89 62 25 46 23 23 85 18 43 75 6 57 28 30 57 66 50 18 49 97 69 48 97 19 48 40 18 97 94
98 15 572 90 5 26 99 87 87 89 71 18 18 23 65 82 32 60 23 2 47 96 4 7 21 45 94 20 52 19 27 51 28
99 15 431 56 80 25 17 52 80 55 8 54 14 73 73 14 91 25 89 26 60 38 92 56 66 3 2 6 72 5 11 51 85
100 15 529 98 73 90 61 70 5 13 66 69 46 9 36 14 55 1 4 86 56 2 76 4 71 79 48 64 96 58 8 5 4
101 15 720 32 15 55 95 29 33 95 81 50 43 45 70 67 70 98 90 89 1 87 72 53 100 41 48 34 15 91 15 35 26
102 15 740 96 59 71 9 26 92 2 52 70 47 52 50 81 3 39 99 78 89 79 64 88 69 97 15 72 44 59 7 16 40
103 15 533 19 44 70 93 43 5 32 4 52 34 28 77 41 59 95 27 67 40 6 50 39 96 24 37 89 58 16 96 46 40
104 15 592 47 42 82 16 19 7 93 44 26 57 65 21 68 62 70 23 66 7 48 50 10 22 12 20 64 93 62 72 9 28
105 15 486 25 34 66 82 54 2 68 60 56 11 64 43 52 18 22 98 14 44 9 37 25 30 72 43 69 59 3 24 9 56
106 15 608 85 33 95 3 8 53 17 59 60 96 91 48 80 68 12 35 46 96 90 89 17 89 11 31 56 97 47 70 46 90
107 15 692 76 99 84 11 17 74 96 71 65 74 72 6 43 56 3 16 50 60 72 65 64 68 93 100 48 4 54 74 29 28
108 15 634 2 11 82 7 25 3 52 70 20 31 60 71 48 76 49 87 36 7 84 95 2 58 91 94 97 53 100 96 45 24
109 15 648 84 19 59 41 5 37 47 35 47 26 89 71 97 12 48 69 96 37 19 2 63 36 58 24 17 53 78 40 3 82
110 15 584 58 66 77 2 44 1 74 69 43 96 70 70 27 97 20 93 48 86 34 39 53 41 68 92 12 75 21 78 82 67
111 15 677 87 77 2 90 90 20 81 68 90 88 4 22 72 94 34 18 55 8 28 49 85 32 72 26 30 61 74 18 43 92
112 15 570 97 45 51 27 71 28 8 28 44 89 84 96 44 44 11 63 72 68 5 95 76 26 56 70 74 1 10 41 10 45
113 15 490 55 13 79 93 19 71 32 41 19 13 62 89 39 70 18 85 18 95 52 80 30 76 37 69 47 48 83 92 23 57
114 15 452 62 49 38 94 2 22 52 88 34 75 7 97 35 71 30 55 36 40 10 90 25 39 86 33 49 71 7 38 92 86
115 15 514 82 94 32 71 47 8 95 24 3 72 3 13 62 25 21 42 3 63 81 18 52 78 47 96 62 50 34 7 19 37
116 15 608 41 10 94 56 12 99 99 41 5 67 56 27 16 78 19 18 40 77 42 38 77 18 60 57 61 34 91 91 48 45
117 15 502 8 12 88 33 100 84 7 100 35 58 53 20 31 3 6 87 100 3 11 57 95 74 44 91 11 40 37 8 2 75
118 15 597 67 68 26 9 33 35 40 68 93 7 80 97 68 35 84 47 57 26 37 40 42 86 15 30 31 74 12 30 62 57
119 15 759 69 86 13 88 95 39 98 90 49 33 32 6 56 73 86 1 81 100 100 90 72 45 6 10 84 5 94 3 14 55
120 15 456 11 25 32 19 63 31 34 1 39 67 9 52 89 82 12 73 81 68 10 51 24 64 53 2 33 16 42 25 38 66
121 15 608 44 2 78 10 84 95 24 80 25 47 74 53 42 3 27 38 76 49 76 60 74 59 56 57 29 91 48 92 4 54
122 15 521 17 53 82 74 66 84 3 39 65 6 50 56 93 62 64 67 69 40 73 36 26 50 14 49 6 65 15 39 9 27
123 15 585 76 67 16 84 87 95 21 46 29 16 37 98 52 27 3 5 99 9 68 10 96 25 32 51 16 82 45 5 55 29
124 15 527 16 63 64 13 72 99 6 25 30 78 1 4 22 17 16 79 69 28 55 43 92 19 45 22 5 38 89 97 77 49
125 15 480 52 84 7 33 58 96 81 41 1 11 86 6 14 62 64 53 8 92 21 29 54 19 61 41 29 84 53 63 12 89
126 15 447 22 18 43 54 38 19 43 90 39 78 25 89 24 71 82 80 76 49 34 41 4 96 34 2 25 74 18 73 52 42
127 15 770 83 57 65 91 80 19 60 58 6 35 68 88 58 70 92 60 99 10 61 59 36 24 88 27 49 20 33 17 85 14
128 15 595 40 95 83 34 25 87 16 78 100 3 95 100 7 91 61 62 31 53 55 47 93 100 76 37 30 29 26 10 6 55
129 15 574 14 6 8 85 38 19 10 37 2 8 96 49 74 13 80 89 93 28 1 6 77 87 23 41 74 94 85 31 43 82
130 15 549 71 52 61 32 93 99 17 46 14 42 3 63 15 20 11 79 99 15 36 14 17 88 64 85 51 99 100 67 35 93
131 15 628 17 45 34 80 35 67 6 34 89 98 40 13 49 19 79 25 7 4 92 17 36 21 95 67 57 76 85 27 65 47
132 15 683 86 57 55 66 71 62 69 44 30 42 93 57 18 26 42 61 81 84 47 42 97 68 38 79 89 33 34 7 4 1
133 15 544 40 42 88 93 93 36 52 13 3 87 93 56 19 41 10 61 1 87 10 61 82 20 9 10 70 43 93 94 17 78
134 15 572 91 35 65 8 10 9 61 74 57 7 46 74 48 16 55 10 2 19 36 13 58 48 24 40 42 54 37 40 84 98
135 15 550 64 23 37 85 11 77 17 51 77 15 36 59 81 78 43 95 88 91 15 63 13 49 90 25 28 81 51 82 37 77
136 15 724 37 64 40 99 36 88 92 26 78 29 94 36 53 96 70 96 85 74 53 85 83 20 55 54 40 2 78 46 12 70
137 15 562 35 11 9 55 36 36 10 40 32 73 39 48 36 87 83 4 94 58 28 41 75 32 91 100 68 87 15 65 52 64
138 15 728 29 86 61 87 92 18 100 76 56 97 79 98 44 45 75 23 87 68 60 25 51 86 34 95 45 39 57 33 41 45
139 15 713 85 73 77 26 12 49 91 90 47 49 38 20 85 64 24 84 12 20 75 85 42 91 48 80 65 89 91 52 100 16
140 15 558 79 6 5 23 90 81 39 57 81 51 15 64 4 9 53 9 72 80 99 39 29 56 36 7 26 19 18 11 52 12
141 15 479 17 70 53 34 75 5 67 37 88 19 23 15 18 2 10 68 25 80 36 50 38 54 34 32 8 5 72 15 35 26
142 15 617 46 33 69 26 42 45 61 38 34 66 25 50 63 15 55 88 64 1 32 62 30 17 88 7 86 29 44 78 33 58
143 15 504 32 59 31 42 49 5 59 64 39 36 3 26 98 39 15 53 35 46 39 71 71 47 9 59 80 87 62 53 8 2
144 15 756 64 93 41 15 73 30 60 83 83 7 65 65 39 25 93 12 26 19 32 13 96 96 84 70 77 55 60 65 52 97
145 15 529 28 67 100 68 17 81 27 73 30 7 80 61 21 34 94 29 34 13 17 8 60 10 8 94 30 12 86 30 30 41
146 15 534 45 73 33 28 22 33 91 61 89 35 26 15 61 12 37 12 24 96 52 12 60 68 60 84 36 26 9 25 23 86
147 15 551 22 82 93 41 34 61 75 47 30 89 20 99 86 71 33 99 23 75 23 37 55 4 76 40 80 6 15 42 24 49
148 15 686 37 73 77 86 62 79 86 68 57 5 4 72 39 54 82 15 49 91 3 89 51 81 89 55 57 76 80 53 85 24
149 15 648 8 59 100 29 34 35 48 32 98 94 97 13 20 91 18 3 42 74 23 24 58 1 25 67 89 46 71 17 79 17
150 15 520 25 51 48 5 27 45 10 53 45 92 10 94 33 51 77 86 13 82 41 28 94 80 72 89 77 21 47 34 32 12
151 15 639 82 16 7 27 60 74 72 90 74 71 45 88 62 26 28 47 22 17 100 73 30 42 19 59 69 10 96 70 33 37
152 15 524 34 47 44 72 18 79 48 68 21 74 75 64 54 55 64 34 28 36 45 74 57 94 53 65 37 89 49 72 28 94
153 15 743 46 87 75 95 2 6 90 97 73 69 85 55 4 27 71 13 43 91 74 65 27 58 100 18 75 20 73 82 91 9
154 15 586 78 95 76 60 46 40 4 63 62 99 16 79 11 44 79 38 23 18 60 49 24 61 81 92 60 82 87 60 26 62
155 15 558 38 79 4 17 34 51 21 62 41 43 69 73 29 73 16 67 63 92 36 42 25 27 89 33 90 36 52 62 91 32
156 15 692 97 48 27 54 96 38 1 40 77 67 93 90 98 83 27 32 100 20 67 30 51 1 16 99 49 21 33 12 33 70
157 15 655 41 30 66 23 33 35 56 43 14 100 100 53 62 81 90 57 81 25 74 49 50 30 18 28 27 23 45 84 62 36
158 15 603 81 12 43 59 69 14 84 78 1 88 1 75 32 87 62 25 92 5 14 25 84 3 14 97 84 47 39 48 54 12
159 15 652 99 71 46 16 52 46 75 37 49 28 38 2 23 29 94 34 32 93 55 73 43 6 36 61 36 87 62 50 76 37
160 15 604 51 51 91 17 9 12 92 1 15 93 93 20 58 27 2 64 98 69 89 33 36 20 15 73 76 14 2 12 29 85
161 15 636 33 83 8 3 72 3 53 43 57 82 13 47 31 65 96 68 64 59 9 37 93 5 65 86 88 40 65 62 49 96
162 15 476 96 15 27 28 15 81 27 44 94 87 20 90 65 11 48 10 39 23 8 32 5 46 3 67 73 55 28 23 47 34
163 15 619 82 55 87 74 23 64 2 100 74 25 81 33 64 19 47 54 53 59 89 90 10 75 70 35 4 68 57 98 31 88
164 15 628 51 68 92 36 94 17 13 52 58 51 25 41 49 69 27 5 92 85 50 49 66 82 57 29 6 11 48 57 57 25
165 15 676 22 1 76 44 96 59 8 67 31 43 91 60 96 56 58 50 88 17 40 39 33 40 6 37 19 96 91 85 90 95
166 15 572 5 62 66 4 81 73 30 32 34 74 48 67 69 51 46 23 83 86 33 1 51 84 12 22 9 15 67 39 82 61
167 15 740 74 42 58 100 10 96 85 92 93 53 72 84 100 98 3 30 34 98 97 42 60 94 92 50 98 8 14 35 36 41
168 15 708 22 49 43 95 35 96 46 72 29 55 83 42 33 26 48 84 71 91 61 34 80 94 99 89 91 32 56 16 88 56
169 15 568 18 74 22 94 92 42 79 7 67 76 80 25 34 75 5 16 86 35 36 21 28 78 30 43 33 10 91 2 10 86
170 15 530 45 9 71 44 10 3 30 35 32 65 86 20 42 24 66 78 39 81 46 24 18 21 53 9 15 21 53 61 57 33
171 15 792 71 96 87 71 56 78 36 7 96 50 91 83 28 60 21 75 35 17 92 31 63 75 64 13 73 35 90 95 88 35
172 15 760 40 29 40 70 91 7 75 13 48 6 82 44 57 58 71 32 37 100 55 25 52 41 96 89 43 25 74 26 90 85
173 15 416 6 22 37 52 47 42 55 26 28 84 6 2 53 43 11 92 99 32 34 41 57 21 33 63 9 20 15 14 30 86
174 15 719 92 5 42 75 20 67 70 31 17 5 45 35 35 74 66 21 7 28 87 17 93 9 85 2 79 3 68 7 93 46
175 15 564 59 81 17 1 98 84 30 98 58 63 10 68 37 90 68 7 63 20 13 19 2 36 68 26 61 11 94 56 27 33
176 15 736 29 8 97 41 61 55 36 69 11 24 99 21 49 26 100 8 32 23 64 23 47 25 88 27 92 25 48 17 68 52
177 15 603 97 68 31 15 44 5 39 34 68 31 44 94 38 43 65 77 64 24 87 76 31 82 24 66 38 84 33 96 51 57
178 15 596 33 46 97 98 4 37 59 67 83 26 2 3 26 75 37 81 87 28 31 94 70 58 62 7 74 40 51 95 30 74
179 15 646 55 96 76 10 92 34 26 50 52 59 38 82 70 91 65 24 5 45 61 4 66 1 14 33 87 86 4 12 97 36
180 15 740 76 88 82 85 79 39 40 32 85 100 23 50 86 12 84 33 57 55 6 10 90 5 46 53 25 20 71 98 76 77
181 15 505 4 86 16 73 22 45 93 37 13 70 68 24 38 61 61 42 27 41 12 48 50 100 68 55 28 38 49 53 83 13
182 15 688 56 21 89 12 31 98 79 21 24 55 64 61 36 37 69 43 85 63 32 12 23 34 44 93 96 45 72 43 61 69
183 15 517 11 99 49 83 10 10 48 30 73 2 30 1 26 1 64 70 50 87 66 66 15 36 71 11 68 47 21 42 45 86
184 15 516 5 3 63 11 14 67 85 41 41 78 16 83 13 39 41 88 91 29 17 90 86 65 29 36 75 79 4 75 66 1
185 15 702 32 31 84 46 81 62 49 6 96 81 6 72 75 59 84 83 100 66 91 41 34 98 42 94 11 23 84 71 9 97
186 15 663 7 7 64 53 69 73 59 20 80 99 1 70 88 64 93 18 69 26 66 1 6 82 75 62 84 93 64 30 4 6
187 15 625 10 75 85 91 62 55 22 2 33 57 48 8 66 90 21 64 82 34 49 69 72 14 76 14 90 31 56 98 10 80
188 15 622 68 2 5 87 92 24 72 15 20 91 61 9 88 50 68 34 57 65 66 95 15 43 51 95 68 90 33 83 14 76
189 15 656 60 87 45 46 77 25 49 61 16 78 76 11 82 72 26 34 44 29 47 72 12 46 85 88 87 75 80 37 35 98
190 15 859 82 31 80 32 84 26 75 8 86 91 11 47 99 71 62 18 84 28 82 100 40 71 94 36 67 65 80 92 48 43
191 15 488 79 45 32 5 7 83 6 70 49 68 20 75 17 27 69 2 3 14 58 39 18 35 91 73 50 21 74 92 38 66
192 15 623 66 97 14 59 95 7 58 56 67 52 78 46 71 43 29 72 72 4 10 26 93 16 46 17 16 94 27 79 37 35
193 15 532 58 35 14 25 86 10 70 75 52 91 28 77 4 23 5 11 7 78 47 9 14 12 79 34 73 2 36 11 93 100
194 15 440 33 79 9 62 12 74 18 63 50 33 63 22 24 60 10 26 14 6 56 26 54 79 53 59 28 90 95 18 31 57
195 15 547 54 10 20 74 36 70 8 94 19 7 71 71 17 16 76 42 10 40 96 19 14 11 90 66 33 49 100 52 40 57
196 15 708 31 55 36 95 96 9 57 45 72 92 89 45 74 33 24 93 34 51 74 12 17 32 60 75 56 85 86 33 79 97
197 15 804 45 95 24 70 77 74 58 97 94 17 91 78 95 17 84 45 34 62 63 17 39 88 42 16 81 84 89 7 89 73
198 15 689 91 5 32 71 75 48 66 32 10 67 80 76 69 24 85 28 64 69 8 68 52 16 58 76 27 92 65 75 80 52
199 15 614 66 83 42 40 79 98 81 46 73 2 97 7 5 88 32 36 19 66 14 55 37 82 84 54 70 19 34 41 35 97
200 15 716 14 56 74 7 57 17 61 63 91 46 47 82 66 47 30 28 91 61 54 23 6 15 65 18 74 3 90 98 75 58
201 15 712 51 66 90 92 13 59 98 51 56 88 93 58 48 84 3 8 51 19 95 58 30 74 27 51 98 1 44 76 94 57
202 15 543 27 50 97 42 83 100 42 77 39 91 42 22 30 20 100 81 22 9 1 36 10 69 48 41 7 53 79 15 52 22
203 15 568 39 80 8 25 84 57 58 30 32 58 27 1 70 30 73 15 20 95 90 72 33 61 9 49 46 43 94 92 28 59
204 15 592 23 23 60 82 86 40 85 1 54 28 27 96 52 80 28 99 11 90 46 61 13 66 83 72 96 37 1 30 75 61
205 15 775 76 100 66 73 41 100 12 76 54 13 31 57 77 40 65 64 91 50 67 63 95 73 78 39 79 99 41 9 96 42
206 15 496 18 37 11 8 69 89 8 24 90 7 10 73 75 72 18 88 42 22 53 4 96 61 40 96 37 27 19 13 35 29
207 15 897 87 79 65 67 92 70 59 3 85 60 60 39 96 12 22 98 97 20 83 80 73 18 80 91 98 29 54 75 71 70
208 15 541 43 81 18 97 34 44 4 26 49 40 35 49 27 38 58 29 85 44 90 47 48 1 15 7 29 26 68 14 74 21
209 15 390 14 44 28 22 19 91 99 83 8 27 50 58 8 94 10 71 9 46 57 76 40 45 6 96 47 13 55 2 38 44
210 15 652 81 100 63 66 73 49 86 94 42 74 43 76 4 34 34 66 98 18 62 61 96 38 38 41 24 85 29 29 42 14
211 15 728 59 96 84 49 29 39 92 86 28 17 97 75 98 46 21 4 12 57 40 37 93 31 42 42 70 70 90 2 55 32
212 15 557 67 64 90 37 40 41 55 22 54 67 87 67 57 93 25 56 46 57 50 52 12 53 26 31 36 6 24 28 28 59
213 15 671 45 90 88 81 88 55 17 92 78 72 60 53 34 65 64 17 75 35 78 82 7 82 60 68 64 30 64 11 17 56
214 15 406 100 5 6 40 19 46 25 10 33 37 17 98 28 79 1 87 20 75 39 95 18 54 37 61 51 12 55 48 59 21
215 15 576 50 99 40 1 24 42 26 90 91 27 63 93 29 30 48 25 65 60 86 9 42 94 13 92 76 7 53 29 15 55
216 15 748 75 75 87 14 94 47 93 22 74 37 49 37 50 67 73 3 84 39 37 17 89 17 20 92 78 2 22 58 11 29
217 15 536 28 23 29 9 30 50 61 83 88 72 27 84 58 22 94 59 72 16 8 67 54 80 90 37 5 24 19 38 8 20
218 15 572 83 57 59 12 48 4 61 39 13 18 79 32 57 2 96 60 23 24 82 24 5 10 19 83 16 47 12 35 63 72
219 15 591 32 48 1 7 54 98 89 21 75 86 91 67 65 2 21 60 40 73 21 4 77 80 13 10 98 9 25 57 37 89
220 15 747 50 19 78 82 74 58 9 31 62 1 51 3 69 47 68 37 96 87 29 7 38 17 30 31 90 32 98 55 92 51
221 15 622 66 75 41 94 37 55 25 32 64 4 36 9 26 63 75 36 66 15 53 1 95 99 24 14 37 93 53 77 80 79
222 15 517 4 14 99 1 51 8 69 64 5 95 2 45 18 92 98 89 32 57 52 57 58 23 52 51 10 98 47 24 50 78
223 15 613 34 24 37 95 81 49 45 99 65 15 12 56 41 69 6 65 66 32 12 50 95 23 49 29 53 72 82 78 89 99
224 15 644 44 44 94 5 78 95 25 54 59 21 34 52 63 70 33 41 36 9 4 69 99 49 96 65 19 3 95 16 27 64
225 15 504 92 4 92 47 39 94 7 80 7 3 23 60 41 37 17 40 6 57 45 20 22 16 17 25 88 68 44 25 90 96
226 15 546 11 15 95 30 14 41 81 86 61 31 61 21 10 29 80 28 7 81 71 13 45 39 37 72 63 99 46 40 1 60
227 15 766 78 65 3 73 74 43 26 25 63 8 47 29 97 94 86 39 53 100 93 25 94 11 98 52 12 46 71 13 63 26
228 15 766 82 36 55 24 84 10 59 47 68 62 68 41 100 11 87 5 36 38 21 76 66 68 44 49 88 31 13 56 87 48
229 15 510 44 9 15 33 43 10 45 70 21 55 26 79 8 42 91 48 4 74 34 16 96 51 78 64 49 3 8 17 76 16
230 15 684 87 54 11 80 56 81 66 95 15 52 65 6 74 44 94 28 31 39 86 68 53 19 27 49 86 14 94 57 10 51
231 15 589 42 32 100 54 22 29 12 75 86 20 70 25 91 59 15 64 38 58 42 11 14 100 26 57 26 51 83 17 70 99
232 15 588 82 18 34 2 24 64 53 63 26 47 67 40 2 11 83 26 53 50 19 1 75 25 100 5 40 52 63 38 15 36
233 15 756 40 25 87 74 62 52 86 16 68 12 60 92 65 62 45 45 48 84 72 4 99 74 64 52 44 48 86 22 20 35
234 15 644 70 36 36 49 62 70 20 23 89 8 95 3 96 70 98 7 17 50 2 30 28 31 46 66 35 21 31 42 80 82
235 15 705 87 44 34 52 68 84 37 56 80 2 65 28 66 13 94 4 33 32 73 55 38 84 73 35 41 68 20 99 73 27
236 15 692 67 13 95 23 19 28 34 44 37 60 23 12 54 90 94 9 54 21 98 29 90 2 43 80 71 5 28 37 58 75
237 15 514 68 86 39 46 41 13 2 29 97 15 24 4 35 43 34 24 48 10 54 63 89 23 9 46 54 36 40 52 9 85
238 15 677 68 79 70 37 86 16 9 56 81 4 92 66 32 76 85 38 59 17 5 71 54 53 62 55 22 25 22 39 100 58
239 15 614 74 17 26 16 60 78 8 34 70 99 55 73 82 19 26 53 98 74 73 98 30 51 39 50 49 86 1 60 77 35
240 15 597 31 21 48 43 73 87 17 87 86 57 93 39 51 49 18 13 59 75 93 38 25 64 11 93 70 21 61 89 11 86
241 15 692 54 98 36 96 32 90 6 41 39 49 50 30 91 12 98 3 99 82 68 89 60 42 75 23 30 100 27 97 100 11
242 15 544 32 53 55 27 17 85 11 3 93 1 4 14 75 23 71 52 75 47 32 60 31 99 25 67 7 5 91 24 62 56
243 15 594 37 21 86 20 24 13 89 3 21 74 100 32 20 78 39 41 52 72 63 94 41 40 83 40 35 28 7 86 46 22
244 15 695 85 84 88 25 70 15 96 82 57 51 4 90 52 18 50 17 29 8 20 88 60 92 59 11 88 82 80 21 31 96
245 15 692 79 13 80 47 69 63 99 16 6 51 53 23 24 38 88 26 99 48 92 7 16 51 16 15 63 11 58 87 24 41
246 15 516 5 35 60 53 75 10 19 33 62 46 72 97 8 15 4 28 12 41 15 44 50 91 16 38 77 35 77 76 94 97
247 15 554 27 74 59 33 43 6 98 31 81 53 66 81 27 79 70 24 57 39 50 28 14 17 4 18 67 40 13 26 17 47
248 15 625 11 5 48 58 93 90 21 45 83 16 41 48 66 67 73 69 70 12 14 32 56 56 54 86 96 5 50 63 6 83
249 15 428 75 14 8 60 4 13 1 66 1 76 46 74 23 64 36 3 77 23 87 50 59 9 1 73 90 61 5 1 23 11
250 15 620 22 24 44 99 57 31 54 50 80 41 78 37 85 90 14 80 68 67 90 96 16 71 13 20 50 83 94 73 11 79
