1 20 1584 29 18 144 77 51 75 69 39 38 24 155 22 50 90 192 53 62 64 17 98 194 65 122 83 121 74 83 47 174 66 100 48 71 59 66 35 196 19 46 34
2 20 1588 152 79 54 85 23 29 76 41 197 24 19 79 179 53 125 67 89 85 157 70 22 5 180 42 160 8 29 71 57 1 115 39 1 11 162 37 76 98 112 43
3 20 1547 155 30 25 24 114 58 170 83 12 78 160 17 165 71 115 36 96 88 151 64 48 81 72 69 32 86 10 81 51 14 44 85 107 20 132 52 87 38 188 17
4 20 1945 138 17 138 67 114 83 195 12 71 8 71 88 98 82 121 34 41 30 155 55 149 87 166 13 20 93 128 17 173 3 116 66 191 41 180 1 16 53 151 20
5 20 1228 20 6 107 34 161 32 20 86 130 51 15 18 62 19 37 1 76 97 50 20 4 64 53 72 107 88 59 40 105 26 165 61 99 64 137 18 19 95 110 53
6 20 1840 144 71 174 98 151 83 80 58 167 3 5 56 82 78 148 91 38 73 116 75 7 42 173 51 74 76 163 28 109 1 167 93 196 59 104 27 135 1 68 91
7 20 1388 2 94 188 91 142 43 50 36 164 95 160 66 4 69 110 67 128 90 102 62 79 11 23 33 31 92 1 52 117 68 193 77 164 5 32 99 32 47 14 92
8 20 1468 173 40 72 66 181 61 155 6 58 15 129 53 36 65 151 15 68 11 52 27 95 89 12 97 83 70 83 71 78 6 107 84 193 57 70 32 3 82 36 35
9 20 1535 16 38 172 23 51 18 194 44 72 51 6 27 19 68 94 88 117 62 109 88 44 11 109 98 181 19 128 50 13 58 168 60 109 36 78 5 107 41 132 96
10 20 1715 98 24 192 98 148 22 70 19 63 20 127 59 106 66 168 44 79 56 143 41 117 89 52 84 131 85 93 65 196 29 128 58 102 30 58 98 61 40 12 50
11 20 1750 108 33 166 45 26 70 118 94 44 78 113 22 69 15 192 34 183 85 153 64 120 66 145 95 179 90 14 92 73 63 15 79 131 80 110 60 119 71 110 3
12 20 1828 76 99 167 31 43 90 106 61 12 93 183 63 106 27 84 28 169 50 81 93 39 66 21 14 200 72 29 73 200 94 129 75 124 13 133 5 199 89 185 56
13 20 2138 91 90 152 14 159 6 135 35 199 26 179 69 82 32 172 19 51 6 138 27 15 85 170 87 142 71 170 92 45 77 164 8 175 35 169 100 80 68 185 16
14 20 2016 97 12 180 26 171 54 160 56 41 99 149 14 174 53 115 50 195 89 13 52 99 34 149 48 154 48 181 50 157 96 52 5 96 7 101 1 82 12 154 13
15 20 2168 132 1 140 4 85 90 194 95 140 93 194 69 142 3 67 5 178 14 140 70 155 35 169 30 86 93 127 48 152 35 104 98 12 54 152 51 166 60 176 40
16 20 1740 124 73 133 95 22 44 187 73 117 68 36 22 136 14 151 91 56 42 138 31 121 41 68 35 53 21 129 64 166 85 5 59 172 63 64 48 138 89 160 26
17 20 1436 24 33 85 32 98 97 76 13 137 41 28 63 88 8 34 30 65 99 49 14 32 72 116 43 106 45 64 38 183 56 195 28 53 32 104 14 63 87 195 95
18 20 1459 167 10 82 80 61 39 83 46 37 19 33 72 109 83 146 39 147 19 24 12 56 50 4 68 156 85 47 6 99 61 40 89 161 60 104 53 95 32 173 80
19 20 1740 97 59 190 19 63 10 83 87 136 49 49 21 169 9 98 70 143 4 30 59 143 68 26 70 112 80 60 9 72 2 162 99 67 26 127 12 178 93 170 26
20 20 1853 82 56 14 74 78 24 115 15 68 40 196 96 136 56 105 98 169 6 133 32 170 43 139 28 40 17 150 53 169 2 129 51 167 97 73 12 173 75 11 2
21 20 1767 44 48 188 42 139 54 134 9 45 3 131 61 191 15 113 38 119 16 101 84 133 44 22 14 27 46 23 16 159 27 174 5 162 54 105 40 118 44 81 31
22 20 1783 78 17 178 1 77 68 175 49 178 48 34 2 181 1 105 25 107 44 62 20 180 28 60 69 104 2 69 83 178 80 10 53 33 94 152 91 124 83 144 60
23 20 1768 9 34 25 10 157 38 60 30 69 21 112 89 96 81 175 7 142 94 121 74 181 86 152 62 183 37 143 33 136 19 108 26 121 54 59 50 123 74 38 29
24 20 1872 188 9 163 37 55 76 132 68 78 73 103 34 112 43 93 72 73 89 199 60 197 7 102 91 87 31 92 69 112 38 184 49 108 59 1 4 90 82 172 55
25 20 1441 48 37 181 89 25 86 132 11 126 40 8 34 158 42 89 97 169 33 175 46 25 61 130 97 25 61 10 17 30 1 106 91 125 2 5 94 169 74 66 9
26 20 1607 14 48 40 91 188 85 167 7 81 77 93 48 79 5 192 98 87 17 185 71 25 83 161 22 111 100 99 7 48 71 92 86 74 35 131 44 51 54 91 42
27 20 1820 200 85 58 43 155 22 59 44 61 49 192 98 118 73 63 82 96 42 112 4 186 60 85 81 87 19 112 77 145 16 173 60 39 42 11 31 185 45 139 26
28 20 1689 98 98 113 4 140 1 22 13 153 19 121 15 158 53 163 78 100 23 33 98 176 10 133 13 185 8 101 95 110 51 62 77 75 89 98 9 5 10 66 40
29 20 1759 117 71 8 43 170 6 64 49 151 82 84 90 129 63 82 11 153 1 134 8 149 49 71 84 102 18 182 19 23 86 145 40 173 74 5 71 95 90 162 90
30 20 1249 19 80 49 83 71 15 127 45 118 63 9 13 161 10 36 41 7 64 68 98 7 85 164 38 93 13 151 93 123 15 33 42 102 11 22 55 65 76 137 79
31 20 1729 136 9 189 85 107 81 190 22 4 51 97 89 154 90 32 89 177 44 142 87 60 48 37 10 145 74 198 75 105 44 151 12 174 7 22 59 4 51 38 43
32 20 1876 147 4 38 94 196 31 63 63 107 48 70 96 167 95 52 85 99 98 61 28 150 18 79 49 154 29 199 98 74 5 187 39 115 75 79 7 199 39 110 64
33 20 1694 185 82 198 57 157 46 142 26 138 63 162 24 18 65 59 12 79 63 4 10 98 47 115 49 101 28 138 15 123 11 39 45 22 60 78 75 167 96 95 75
34 20 1438 125 54 96 93 153 10 58 36 5 42 86 50 154 12 62 4 131 38 184 88 13 38 1 12 137 54 68 34 16 28 135 67 45 40 164 58 73 65 92 27
35 20 1234 64 22 147 11 43 64 41 14 55 78 171 32 154 67 9 90 7 2 5 52 45 49 55 12 167 16 17 46 126 45 4 67 85 98 117 14 88 29 143 74
36 20 1836 37 10 74 20 191 46 186 54 123 12 109 59 74 7 81 50 91 35 17 61 144 46 183 99 98 87 103 60 157 13 134 66 143 3 176 23 143 94 32 66
37 20 1381 31 5 116 95 6 80 86 21 187 77 150 20 97 95 20 41 169 40 59 72 85 61 62 13 154 39 123 9 42 19 13 41 194 76 130 10 2 3 1 39
38 20 1392 138 11 121 22 65 98 68 3 40 20 46 37 78 51 12 70 27 41 143 60 110 7 194 75 192 17 21 33 57 90 56 70 96 87 65 41 194 68 18 83
39 20 1536 18 55 79 12 155 34 162 35 2 35 138 86 165 6 133 20 59 25 67 86 63 33 50 96 12 23 36 68 115 50 80 87 141 25 169 72 104 72 172 95
40 20 1670 172 98 18 100 161 51 173 9 178 90 37 58 81 90 128 60 112 74 29 52 177 44 84 59 195 52 81 51 42 12 78 9 167 82 34 64 51 13 90 11
41 20 1738 192 77 177 73 89 85 43 61 183 32 70 46 112 2 157 34 61 30 122 73 171 96 73 94 145 54 66 18 103 24 190 71 56 87 65 70 49 49 49 21
42 20 1820 167 91 2 99 64 86 58 77 169 73 200 74 79 17 4 28 84 80 149 4 193 80 134 97 176 22 197 96 149 79 93 23 8 96 194 31 91 75 64 54
43 20 1648 187 63 137 86 171 45 3 86 95 48 57 4 141 1 153 32 49 6 31 28 80 4 192 83 127 45 131 1 166 66 92 94 72 1 91 70 21 56 64 97
44 20 1723 76 34 157 54 114 42 60 32 10 12 186 81 112 41 161 95 87 72 31 56 125 88 95 43 168 95 118 72 147 88 24 17 35 49 181 69 109 24 158 1
45 20 1628 30 47 105 73 132 71 118 1 14 33 103 76 84 23 189 98 178 68 96 56 191 82 100 49 111 52 79 56 191 15 18 62 42 81 113 28 98 86 43 70
46 20 1637 149 99 49 73 196 1 85 33 154 26 76 15 27 5 113 48 29 34 96 38 6 94 186 13 47 83 195 50 111 59 130 69 147 55 3 50 76 47 172 82
47 20 1924 85 91 174 35 140 79 146 87 49 91 168 81 92 85 46 90 122 98 115 41 161 17 32 69 133 7 186 74 153 93 199 30 21 25 158 69 113 53 112 85
48 20 2057 115 31 199 4 47 28 132 100 200 8 200 78 140 13 90 72 96 58 167 58 156 29 106 88 180 55 142 55 118 48 157 55 144 44 15 93 71 39 97 68
49 20 1667 106 70 138 50 175 79 158 78 64 97 87 12 85 46 6 63 79 58 171 11 123 30 157 35 171 15 63 27 18 36 161 77 15 91 97 21 149 72 61 3
50 20 1914 68 84 78 24 199 48 143 35 94 10 184 9 47 20 188 69 63 96 200 1 62 18 136 48 131 32 93 52 84 78 145 12 140 80 113 38 165 16 60 10
51 20 1574 131 43 194 90 11 15 166 22 72 30 138 91 30 37 125 94 100 10 60 4 163 56 106 78 98 7 79 19 99 63 38 34 14 39 73 61 186 51 85 28
52 20 1370 82 78 34 36 23 11 83 11 8 89 125 41 137 65 109 4 177 43 137 77 118 16 11 56 107 13 1 57 32 74 52 29 47 57 194 19 153 27 83 21
53 20 1732 139 73 158 70 135 70 1 2 124 17 36 57 52 38 162 61 149 10 195 51 42 72 66 36 170 10 127 18 162 12 45 63 129 38 170 98 42 39 61 16
54 20 1448 86 83 42 24 144 61 59 83 176 94 162 72 106 37 86 1 164 17 155 96 43 27 48 16 64 19 2 11 49 14 53 8 167 3 81 7 9 92 114 68
55 20 1803 176 42 183 26 44 71 72 61 8 5 132 86 102 25 176 79 118 72 190 63 87 31 71 87 187 21 82 90 97 16 166 50 18 63 75 87 95 88 175 65
56 20 1328 63 65 40 11 179 50 67 8 24 77 39 16 104 4 135 72 39 93 66 13 151 35 81 73 38 71 5 8 190 53 188 69 29 5 80 94 86 54 57 15
57 20 1554 79 99 100 92 129 9 195 42 87 2 79 49 178 75 55 31 130 74 111 12 78 93 67 95 57 96 71 45 58 75 199 84 87 71 135 88 16 1 32 97
58 20 1509 95 51 56 50 145 99 61 21 197 52 135 74 153 22 62 14 39 71 76 20 130 69 119 41 182 59 65 88 147 52 173 18 25 32 10 48 9 99 8 13
59 20 1656 57 31 179 24 10 32 175 66 50 67 168 29 119 59 52 65 47 77 182 69 168 43 102 26 115 20 120 42 128 64 24 69 155 43 88 20 87 80 44 11
60 20 1848 62 72 137 22 143 54 97 14 173 79 89 60 29 73 131 95 133 53 9 57 124 48 7 86 125 94 140 89 133 50 175 63 193 17 150 56 191 53 69 1
61 20 1372 25 45 110 57 15 28 87 89 72 54 171 18 172 64 71 26 46 11 85 31 12 65 102 96 33 36 107 99 168 13 32 28 70 32 94 6 79 30 165 13
62 20 1323 15 55 110 48 176 29 22 80 164 47 1 87 85 43 101 23 20 57 139 16 158 80 113 52 81 72 39 5 87 21 74 81 108 78 66 86 8 5 87 10
63 20 1714 87 7 153 82 175 63 130 15 6 38 169 74 189 6 162 9 12 100 49 70 170 18 156 50 63 24 52 2 65 27 127 34 190 71 23 61 51 24 114 36
64 20 1734 144 51 169 93 59 76 105 29 185 34 155 81 89 86 155 44 159 14 85 86 92 29 27 45 72 22 109 9 169 52 2 86 31 72 162 77 27 72 172 43
65 20 1597 21 14 78 3 163 54 128 61 101 64 35 47 74 8 74 93 187 37 92 38 151 21 100 94 148 3 1 65 72 59 95 93 103 60 145 11 154 74 75 40
66 20 1816 167 67 17 74 13 31 27 59 113 88 55 76 158 54 184 61 26 65 161 12 72 88 55 94 200 54 186 29 183 85 61 83 62 29 183 51 167 71 180 63
67 20 1606 6 24 60 56 102 16 24 34 135 27 8 24 192 64 119 94 136 26 132 33 33 90 130 72 38 94 168 2 168 41 168 99 195 17 83 41 31 2 80 6
68 20 1873 151 61 41 90 86 3 130 57 156 15 130 81 195 24 152 31 90 64 128 82 95 70 31 58 56 39 140 19 173 78 105 52 76 57 195 67 34 10 178 74
69 20 1542 2 91 169 51 200 40 45 71 51 91 75 25 43 40 55 84 122 23 52 67 110 57 69 75 113 35 124 40 72 32 92 12 193 5 180 39 33 82 128 6
70 20 1636 129 97 47 5 73 37 172 87 99 66 158 68 53 42 162 40 195 5 140 48 105 90 29 76 114 42 106 33 22 68 167 66 77 23 38 94 75 44 85 15
71 20 1574 73 36 117 10 198 72 2 3 178 66 29 76 134 97 7 49 27 61 120 69 72 24 137 5 72 98 190 28 136 43 164 29 126 68 24 99 18 46 144 60
72 20 1775 115 72 174 47 179 19 8 62 44 74 74 86 136 34 114 88 167 1 132 52 57 40 197 96 93 11 62 37 3 32 149 26 120 13 184 100 129 8 82 6
73 20 1502 137 66 123 91 127 87 39 88 159 48 102 78 26 5 27 2 100 99 122 15 142 46 43 41 114 89 123 25 91 23 46 85 35 43 149 6 113 28 60 57
74 20 1702 99 18 98 97 137 48 193 19 95 40 35 97 188 32 179 5 52 99 174 87 177 71 36 18 45 65 163 32 119 23 3 47 191 4 14 21 90 94 40 52
75 20 1299 53 51 56 88 112 80 49 17 103 80 110 8 108 14 145 73 27 91 50 89 52 60 76 92 111 66 6 2 12 72 10 11 101 85 176 98 145 90 122 70
76 20 1382 26 66 138 46 17 36 27 55 1 4 172 56 3 76 8 71 158 48 128 96 115 8 10 4 115 32 29 55 189 29 66 95 162 50 85 45 140 67 139 98
77 20 1855 178 1 174 72 106 100 81 48 67 15 182 15 70 26 172 96 118 71 17 26 183 2 103 70 93 52 100 81 6 39 198 78 177 79 127 88 138 97 29 72
78 20 1677 117 7 31 40 178 19 88 70 185 43 9 32 8 52 68 28 153 41 118 95 54 67 79 6 100 39 192 24 74 89 115 16 192 46 80 60 93 42 163 16
79 20 1413 14 93 87 26 113 65 41 68 123 70 45 66 14 48 100 10 43 12 39 64 185 62 143 9 56 56 49 34 131 82 108 2 135 60 111 11 127 43 103 18
80 20 1598 196 14 88 9 73 25 60 72 86 69 117 3 48 9 112 29 169 33 190 3 15 53 33 59 119 96 182 48 160 68 23 35 91 96 180 89 34 89 22 31
81 20 1956 193 47 140 46 179 14 151 99 167 11 33 74 192 71 129 74 144 6 86 56 6 16 100 60 143 65 128 68 186 100 95 4 108 74 58 28 186 2 22 82
82 20 1505 50 3 103 70 39 31 120 71 95 76 97 87 71 7 167 95 4 58 181 94 194 53 199 96 90 24 17 84 38 59 82 5 74 47 69 47 51 89 141 97
83 20 1667 96 69 191 37 38 2 126 36 116 24 34 53 156 40 5 82 7 58 132 77 4 44 2 74 137 43 191 70 140 27 194 20 186 48 171 34 77 53 81 68
84 20 1560 23 75 42 78 164 67 11 87 154 2 179 90 39 81 135 90 175 4 43 72 187 34 36 55 16 28 98 85 63 72 51 30 122 74 35 43 183 21 194 45
85 20 1570 54 71 56 8 55 44 178 84 191 44 87 11 126 72 136 5 190 76 52 56 139 74 1 10 81 10 89 39 109 13 157 93 37 71 63 41 38 13 124 89
86 20 1598 139 18 170 18 190 52 160 30 152 37 138 47 95 83 184 23 114 16 123 49 75 94 3 22 104 88 67 75 14 97 69 71 60 55 72 40 19 90 50 39
87 20 1433 66 49 142 7 75 92 172 67 163 94 64 71 93 8 190 24 6 72 6 13 124 25 41 42 6 63 161 18 103 78 94 96 124 50 68 7 37 37 57 41
88 20 1763 188 56 24 99 198 41 9 67 111 27 32 78 38 18 79 77 83 38 153 18 119 57 121 34 182 91 96 45 199 8 23 88 66 100 167 7 200 35 116 53
89 20 1270 62 3 11 87 200 3 21 57 189 74 88 91 22 40 74 8 4 75 59 67 135 26 18 33 70 40 135 93 13 80 193 68 70 84 93 57 52 37 79 42
90 20 1363 29 30 61 74 24 30 123 57 28 69 171 13 175 95 77 98 180 49 66 32 11 56 146 86 2 81 199 100 180 72 89 6 20 84 9 94 5 14 109 14
91 20 1428 50 32 38 63 62 34 1 39 134 9 103 89 163 12 145 81 136 10 102 24 127 53 3 33 31 42 49 38 132 45 88 2 155 10 168 95 48 80 50 47
92 20 1816 105 42 5 27 76 76 98 76 119 74 118 56 114 29 182 48 184 4 108 41 34 53 164 74 132 84 6 39 130 6 100 56 185 62 128 67 138 40 145 36
93 20 1529 99 14 97 6 129 15 78 9 53 45 151 67 32 84 174 95 41 46 58 16 74 98 104 27 5 5 198 9 136 10 191 25 63 51 31 82 89 5 109 29
94 20 1491 31 63 127 13 143 99 11 25 60 78 1 4 43 17 31 79 138 28 110 43 184 19 89 22 9 38 178 97 153 49 52 52 167 7 65 58 191 81 81 1
95 20 1533 172 6 28 62 128 53 16 92 42 29 107 19 122 41 58 84 106 63 23 89 25 22 35 43 107 38 37 43 180 39 155 25 177 24 142 82 159 76 98 34
96 20 1296 7 96 67 2 49 74 35 73 104 42 93 83 114 65 181 80 37 60 116 6 69 68 176 58 139 92 120 99 20 61 118 36 48 88 54 49 40 33 34 85
97 20 1573 75 40 189 83 67 25 173 16 156 100 6 95 200 7 181 61 124 31 105 55 94 93 199 76 73 30 57 26 20 6 109 13 27 6 16 85 76 19 20 37
98 20 1449 15 96 97 74 26 80 177 93 56 1 12 77 174 23 81 74 187 85 61 43 163 47 142 52 122 32 185 99 33 46 28 42 5 63 30 20 21 79 197 15
99 20 1861 27 17 176 64 170 51 197 100 134 35 186 24 33 45 68 80 70 67 12 34 178 98 80 13 98 19 157 25 13 4 184 17 72 21 190 67 113 76 169 27
100 20 1736 93 67 172 57 109 66 141 62 138 44 59 42 186 57 35 26 84 61 162 84 93 42 193 68 75 79 177 33 68 7 8 1 37 40 84 88 185 93 71 52
101 20 1028 5 87 185 56 37 41 20 61 1 87 19 61 163 20 18 10 140 43 186 94 33 78 16 91 69 65 15 10 18 61 148 57 14 46 147 48 31 55 20 2
102 20 1718 72 13 115 48 48 40 84 54 73 40 167 98 13 64 45 37 169 11 153 17 102 77 29 36 117 81 156 43 190 88 181 15 126 13 98 90 49 28 161 51
103 20 1642 74 77 58 37 128 40 197 36 176 92 51 78 57 94 72 53 192 70 191 85 147 53 169 83 39 55 108 40 4 78 92 12 140 72 69 11 18 55 71 36
104 20 1969 80 32 146 39 96 36 173 83 8 94 116 28 82 75 64 91 200 68 173 15 130 52 128 35 57 86 121 87 183 18 199 76 112 97 157 98 88 45 149 23
105 20 1738 135 60 50 51 171 34 189 45 78 57 66 41 89 86 169 73 154 26 23 49 181 90 93 49 76 20 170 64 48 84 23 20 150 85 83 91 95 80 130 89
106 20 1416 104 100 31 91 158 6 9 23 180 81 78 57 162 51 29 64 8 9 106 9 143 80 198 39 58 56 72 7 52 19 35 11 103 12 36 17 140 53 68 75
107 20 1263 133 37 176 19 46 15 35 2 19 68 49 80 72 50 76 54 68 32 15 5 144 15 70 26 133 46 65 69 52 42 89 61 76 34 132 25 100 63 29 55
108 20 1575 128 1 64 62 60 17 176 7 171 29 88 78 65 58 129 32 118 31 84 49 10 59 128 39 71 3 51 98 78 15 106 35 91 39 141 71 93 9 117 80
109 20 1503 124 53 15 2 3 64 185 41 30 73 59 60 165 83 14 65 129 39 50 93 23 26 38 32 26 96 191 84 139 77 110 60 129 52 193 99 56 67 200 68
110 20 1365 162 27 146 30 13 80 122 21 68 94 57 34 25 17 15 60 19 8 187 30 24 86 60 30 82 5 89 73 65 28 43 33 181 61 177 35 51 15 121 12
111 20 1559 24 24 192 52 23 60 135 60 167 36 52 9 50 23 171 7 44 82 185 41 68 61 149 47 59 89 40 99 172 71 66 99 45 75 45 37 110 4 152 40
112 20 1623 11 15 83 24 98 52 73 73 153 86 124 79 172 68 113 5 8 72 78 54 164 15 97 91 5 89 102 81 178 55 114 76 159 53 169 24 10 8 118 100
113 20 1692 68 35 96 32 196 94 194 13 40 91 36 3 83 74 46 24 116 1 50 67 177 46 141 17 158 17 40 25 101 48 9 27 89 10 105 45 183 10 187 33
114 20 1712 154 86 25 82 82 28 188 80 143 89 153 21 93 34 63 12 104 82 31 7 53 60 148 72 179 74 142 45 175 62 52 28 93 22 33 100 145 30 84 19
115 20 2131 138 10 192 70 66 37 148 34 93 44 144 18 158 48 136 21 148 75 128 54 110 64 68 28 72 45 147 57 187 53 129 37 177 49 144 28 188 16 91 87
116 20 1569 189 2 11 90 194 73 138 85 110 4 53 71 25 43 181 74 130 27 115 100 35 75 39 73 163 91 17 49 155 95 152 60 92 40 8 63 124 99 31 79
117 20 1404 88 79 75 23 36 60 98 24 122 81 183 60 164 87 119 26 123 72 76 79 7 17 67 51 41 62 82 43 137 73 58 73 32 67 126 92 72 42 50 27
118 20 1769 66 90 71 52 124 91 64 84 194 48 53 54 191 38 2 40 154 67 186 90 196 83 53 32 200 20 134 30 102 1 31 99 98 21 65 12 66 70 162 41
119 20 1677 132 23 65 35 111 43 28 100 199 53 124 81 179 57 162 25 148 49 100 30 35 28 53 23 89 84 123 36 49 81 24 43 117 69 28 84 156 1 175 1
120 20 1474 63 87 124 25 183 5 28 25 168 3 27 97 167 47 77 48 108 12 44 99 142 46 32 52 92 75 73 49 56 38 4 23 57 94 67 32 185 55 146 43
121 20 1422 71 61 72 87 124 50 151 37 185 51 102 91 34 9 23 92 1 15 185 93 39 58 53 2 127 98 138 89 66 36 40 15 146 76 28 2 24 29 169 10
122 20 1655 165 8 6 72 5 53 86 57 164 13 94 31 130 96 135 64 118 9 74 93 10 65 172 88 79 65 123 49 192 91 191 15 53 28 30 81 54 44 188 87
123 20 1580 180 65 21 48 20 39 46 8 64 5 92 3 133 73 109 28 46 47 67 30 163 55 173 74 46 64 3 100 148 25 162 33 127 19 94 54 105 59 177 90
124 20 1832 150 70 69 4 136 57 196 31 175 21 101 68 184 36 188 17 25 52 115 51 50 41 97 69 54 5 184 85 100 49 131 82 114 29 11 11 96 57 114 25
125 20 1726 43 1 152 44 191 59 16 67 62 43 181 60 191 56 116 50 175 17 80 39 66 40 11 37 38 96 181 85 180 95 135 5 124 66 7 81 145 30 64 34
126 20 2015 95 67 138 51 91 23 165 86 65 1 101 84 24 22 18 15 134 39 164 61 140 74 84 58 199 10 192 85 184 93 106 72 167 100 196 3 60 34 196 97
127 20 1979 120 94 184 50 195 8 28 35 71 41 132 22 98 43 190 35 191 46 143 29 109 83 84 33 51 48 168 71 182 61 68 80 188 99 177 91 63 56 32 88
128 20 1472 170 18 147 22 188 92 83 79 13 67 151 80 50 34 150 5 31 86 70 36 42 28 155 30 86 33 20 91 3 10 171 95 90 9 141 44 20 3 60 35
129 20 1522 129 86 39 42 47 66 155 39 162 46 48 18 41 53 18 15 41 53 121 57 65 100 141 96 173 71 111 78 71 7 192 50 182 83 56 60 41 75 70 17
130 20 1824 62 63 149 64 25 73 70 90 190 88 70 17 80 29 79 70 182 7 150 13 95 6 164 44 113 58 141 32 74 100 109 25 103 41 192 89 85 25 147 26
131 20 1208 170 82 11 22 74 52 93 42 110 26 55 84 11 2 106 43 21 92 198 32 67 41 114 21 66 63 17 20 30 14 59 86 16 92 9 42 150 20 134 70
132 20 1960 33 5 89 35 70 74 132 21 13 28 174 17 185 9 169 2 158 3 135 7 185 46 127 59 162 17 2 98 167 30 196 58 126 10 135 37 179 68 13 63
133 20 1090 26 19 3 36 136 26 122 11 188 56 53 33 91 29 16 97 81 61 109 36 138 11 48 99 41 49 52 100 16 32 45 64 46 47 49 88 54 92 49 48
134 20 1776 136 52 119 97 135 31 30 44 10 39 68 68 62 44 188 38 85 65 153 64 48 87 151 31 164 24 132 38 168 33 191 51 114 66 65 46 194 98 7 37
135 20 1789 134 83 51 2 6 26 149 37 162 87 55 31 188 70 116 62 13 74 79 51 190 30 148 89 109 96 151 10 184 34 52 50 104 59 76 82 140 91 130 24
136 20 1585 89 61 8 66 2 14 66 87 171 4 23 97 72 22 151 88 164 85 158 39 79 32 170 100 46 50 171 12 167 33 113 55 12 10 179 5 91 53 50 20
137 20 1388 195 76 154 2 7 86 32 73 44 45 185 37 25 70 135 24 76 61 121 42 54 41 23 48 100 100 136 55 56 38 97 53 166 13 63 56 42 89 24 31
138 20 1464 158 21 48 55 128 61 72 37 137 43 170 63 63 12 45 34 88 93 191 45 144 43 121 69 17 11 198 49 165 10 20 48 59 73 3 30 2 26 1 64
139 20 1541 99 87 132 66 30 36 142 11 136 47 42 42 90 86 3 5 5 63 21 14 133 85 82 41 156 16 165 13 77 41 175 91 58 17 179 86 130 29 72 75
140 20 1791 8 75 132 1 101 32 62 84 91 81 124 49 12 96 162 6 143 75 118 84 166 100 131 91 82 34 196 42 188 11 45 84 142 9 194 90 14 7 128 53
141 20 1544 145 59 39 80 198 1 139 88 128 93 36 69 52 66 2 6 164 75 124 84 186 64 60 4 11 48 19 75 169 91 124 55 43 2 65 57 95 8 131 90
142 20 1696 128 82 67 49 137 72 27 76 28 90 61 56 195 10 159 80 135 2 10 87 184 24 143 15 39 91 122 9 175 50 135 34 113 65 131 95 30 43 102 95
143 20 1908 179 33 166 14 151 64 120 87 89 46 153 25 98 61 32 78 151 11 164 72 52 34 88 29 93 72 23 46 169 88 174 75 160 37 69 98 193 82 62 80
144 20 2109 168 26 150 8 172 91 22 47 198 71 123 18 168 28 163 100 79 71 187 36 134 65 160 92 96 43 128 79 89 32 9 7 166 6 139 49 136 20 150 17
145 20 1555 137 2 6 14 116 39 35 35 182 73 100 21 148 92 75 66 194 66 194 14 118 95 14 58 111 67 104 78 91 71 85 29 144 72 8 10 51 93 31 46
146 20 1252 32 94 53 79 74 35 165 58 70 14 49 86 20 70 149 52 181 28 153 4 45 5 22 7 156 47 17 14 23 79 68 73 3 36 21 93 199 77 65 79
147 20 1407 123 12 147 18 126 50 66 63 43 24 119 10 52 14 12 56 52 54 157 53 117 28 179 95 36 31 114 65 108 10 40 74 72 70 16 94 38 7 142 71
148 20 1521 32 76 84 10 79 96 37 14 22 90 132 33 98 100 104 40 113 14 62 55 71 95 191 9 114 45 143 92 177 45 147 33 47 93 67 51 148 12 34 32
149 20 2120 150 56 170 86 66 79 193 40 90 95 47 70 154 74 116 97 187 17 182 78 189 17 168 45 68 62 126 17 78 88 83 16 161 84 177 7 177 73 69 91
150 20 1795 64 71 149 48 131 32 20 67 159 76 137 24 169 28 128 69 15 68 104 16 115 76 53 92 129 75 160 52 176 66 166 42 80 79 195 81 91 73 3 97
151 20 1355 9 88 64 36 37 66 28 55 73 82 167 54 140 19 68 41 69 97 184 14 112 74 14 57 33 61 126 91 91 47 163 66 94 30 55 91 122 54 45 6
152 20 1921 130 18 148 3 179 98 149 58 121 51 132 90 184 13 117 98 102 56 176 93 115 48 167 3 15 51 37 95 115 30 148 27 102 98 1 44 151 94 113 18
153 20 1509 100 97 83 83 200 42 153 39 182 42 44 30 40 100 161 22 17 1 71 10 137 48 81 7 105 79 30 52 44 4 77 80 16 25 167 57 116 30 63 58
154 20 1572 2 70 59 73 29 20 190 90 143 33 122 9 98 46 85 94 184 28 117 14 45 23 119 82 172 40 169 1 107 28 53 96 103 80 55 99 22 90 91 61
155 20 1965 131 83 143 96 73 1 59 75 121 33 152 100 131 73 82 100 23 76 107 13 61 57 153 40 130 64 182 50 134 63 190 73 155 39 158 99 81 9 191 42
156 20 1492 36 37 22 8 137 89 16 24 179 7 19 73 149 72 36 88 84 22 106 4 192 61 79 96 73 27 37 13 69 29 194 87 158 65 134 92 140 59 5 85
157 20 1900 120 39 191 12 44 98 194 20 165 80 146 18 159 91 195 29 107 75 142 70 23 43 161 18 193 34 87 4 52 49 79 35 97 27 75 58 58 85 87 90
158 20 1699 95 1 30 7 57 26 136 14 147 21 131 14 87 28 44 19 181 99 165 8 54 50 115 8 188 10 142 9 92 57 151 40 89 6 191 47 25 55 4 38
159 20 1861 117 81 200 63 131 73 98 86 187 42 148 43 151 4 68 34 131 98 36 62 122 96 76 38 81 24 170 29 58 42 27 3 117 96 168 49 58 39 183 86
160 20 1485 34 97 149 98 91 21 7 12 113 40 74 93 62 42 83 70 139 90 4 55 63 21 134 64 180 37 79 41 109 22 108 67 173 67 114 93 50 56 91 57
161 20 1674 103 12 106 26 61 36 12 24 56 28 118 48 90 90 176 81 176 55 33 92 155 72 119 53 67 65 127 17 149 35 156 82 14 82 120 68 128 30 127 11
162 20 1164 111 40 200 5 11 40 37 46 50 10 66 37 33 98 55 79 2 87 40 75 78 95 36 54 73 61 101 12 109 48 117 21 55 50 197 40 1 24 83 26
163 20 1553 182 27 125 93 57 30 96 25 129 60 172 9 84 94 26 92 151 7 105 29 29 55 185 75 150 87 28 94 93 93 44 74 73 49 73 50 134 73 6 84
164 20 1543 73 17 178 17 39 92 156 2 44 58 21 29 176 28 45 29 17 30 99 61 166 88 144 27 167 58 43 94 117 72 32 8 133 54 159 90 73 5 47 19
165 20 1080 16 20 132 83 113 59 24 48 7 61 77 13 35 79 64 57 3 96 120 23 48 82 47 5 19 19 165 16 93 12 70 63 144 4 63 48 2 7 108 98
166 20 1624 41 75 172 91 133 65 4 21 120 40 146 21 8 77 160 13 20 98 18 25 114 37 178 7 99 19 155 82 147 58 18 31 124 1 101 3 137 47 135 37
167 20 1475 174 29 14 38 34 30 62 90 64 98 109 92 102 58 131 75 82 94 74 55 50 32 128 4 71 9 52 63 150 36 132 15 105 1 189 99 47 14 74 93
168 20 1475 153 80 158 76 8 14 197 1 102 8 137 64 10 95 4 45 36 92 196 89 64 57 103 57 116 23 104 51 19 98 93 24 100 78 7 34 47 37 190 81
169 20 1660 89 99 129 15 24 56 82 69 12 65 131 32 23 50 189 23 97 29 106 72 164 78 177 99 174 44 88 94 9 78 189 25 108 59 41 34 104 63 140 33
170 20 1449 71 9 7 69 198 49 191 65 37 3 190 16 53 64 102 92 8 92 94 39 187 7 160 7 5 23 120 41 74 17 80 6 114 45 39 22 32 17 50 88
171 20 1494 88 25 180 96 75 11 29 95 59 14 82 81 171 61 62 61 42 10 57 80 55 7 162 71 26 45 78 37 143 63 198 46 80 1 120 86 156 65 5 73
172 20 1634 85 26 50 63 15 47 58 97 188 86 78 53 199 93 49 94 21 98 104 12 91 71 26 63 52 83 163 36 110 24 167 10 117 47 135 62 136 41 199 11
173 20 1392 9 36 76 21 151 66 136 44 98 88 62 13 111 87 95 82 87 9 30 33 85 10 89 70 42 55 52 79 15 42 181 48 7 74 68 16 191 51 156 64
174 20 1543 5 8 33 76 32 48 173 54 21 80 112 81 132 95 29 52 130 6 148 44 187 28 61 39 171 68 106 19 53 49 171 14 188 57 20 51 93 42 64 100
175 20 1405 43 29 24 75 171 20 140 25 182 59 30 64 75 58 83 11 28 100 51 57 52 51 166 17 140 99 106 82 36 34 3 24 128 53 126 26 94 67 79 2
176 20 1696 166 26 106 50 38 1 149 25 199 5 79 52 126 38 29 36 155 40 49 87 147 62 104 86 31 68 24 60 184 65 123 45 89 48 167 72 8 99 148 64
177 20 1399 87 48 171 22 40 35 112 70 72 36 97 62 140 20 45 89 15 95 5 96 139 98 13 17 100 2 59 28 62 46 132 35 41 31 83 80 163 56 173 44
178 20 1456 103 68 167 37 112 80 4 65 56 66 26 94 7 33 63 73 109 38 168 73 70 41 135 20 198 73 53 81 134 13 190 23 38 28 68 44 74 60 45 12
179 20 1397 180 94 18 54 41 98 58 90 3 43 159 71 10 28 73 58 149 31 136 86 78 46 82 13 3 29 193 15 47 4 69 43 68 24 96 10 107 63 177 23
180 20 1764 92 54 71 40 104 9 169 19 136 79 140 37 172 16 17 56 161 4 184 66 64 76 170 38 117 17 10 71 107 53 124 55 43 25 43 39 199 58 83 74
181 20 1661 52 16 120 78 16 34 140 99 110 73 164 19 51 53 196 74 146 98 59 51 77 50 98 86 2 60 154 35 104 31 42 48 86 73 174 17 173 86 113 93
182 20 1696 102 49 36 13 117 75 185 38 50 64 21 93 140 21 122 89 21 86 149 54 196 36 191 32 179 6 82 39 98 50 59 91 24 98 6 99 164 68 178 60
183 20 1483 150 23 59 100 53 97 199 11 168 32 106 55 54 17 169 11 6 93 1 4 27 75 45 71 103 75 94 32 120 31 198 25 134 7 10 91 47 62 111 27
184 20 1688 42 86 39 24 26 89 5 21 148 100 64 20 155 39 81 52 143 63 188 41 79 83 79 35 55 7 172 46 43 80 170 84 176 25 140 15 192 82 113 51
185 20 1933 180 52 35 50 33 29 16 20 175 60 184 59 22 88 164 80 41 31 192 52 157 13 160 47 138 63 198 16 12 51 106 23 48 38 175 26 198 48 183 7
186 20 1356 102 16 29 63 22 58 173 24 81 24 10 35 120 53 150 10 38 33 124 46 143 97 15 15 7 28 24 41 30 44 100 91 32 38 153 35 154 76 188 97
187 20 1472 54 74 118 33 85 6 195 31 161 53 131 81 54 79 139 24 113 39 100 28 28 17 8 18 134 40 25 26 34 47 67 11 10 48 116 93 179 21 89 83
188 20 1584 82 48 132 67 146 69 140 12 28 32 112 56 107 86 192 5 99 63 12 83 150 75 27 8 120 4 26 1 131 1 151 46 147 23 127 36 6 77 46 87
189 20 1666 117 9 2 73 180 61 10 1 46 11 9 22 48 44 197 57 62 54 100 80 81 78 74 85 180 14 159 68 133 90 191 16 142 13 40 50 166 94 146 11
190 20 1463 23 93 51 89 26 23 27 63 117 34 11 4 64 83 110 34 175 93 147 99 141 82 173 97 81 6 125 67 36 30 105 85 138 17 18 88 75 8 186 29
191 20 1628 20 42 119 10 56 9 62 71 189 37 52 76 145 89 162 100 135 43 35 76 65 89 143 7 192 72 182 52 107 22 79 52 1 56 110 2 107 85 75 76
192 20 1684 105 45 133 4 150 85 158 83 117 82 93 57 6 70 135 7 116 22 141 63 111 62 85 62 49 63 44 6 61 71 3 89 191 24 84 55 135 55 188 38
193 20 1351 119 33 42 21 4 46 99 43 145 86 126 2 95 71 59 31 12 16 52 73 195 30 111 4 164 92 15 5 129 70 58 72 65 72 37 89 99 66 63 28
194 20 1652 145 4 87 18 72 58 6 94 5 25 187 48 184 41 110 34 69 27 157 66 61 33 77 74 47 20 153 63 130 88 132 25 151 54 107 30 71 92 115 65
195 20 1476 30 4 114 27 164 97 57 45 141 33 7 62 130 63 123 20 65 32 60 88 60 58 107 36 134 64 116 83 64 19 139 16 177 91 68 49 88 3 1 46
196 20 1351 170 47 142 16 6 5 136 68 52 54 90 14 76 73 116 41 25 65 159 65 4 52 70 28 6 19 23 19 98 50 88 5 64 25 191 5 114 68 59 6
197 20 1710 107 25 102 40 69 4 155 19 58 40 106 21 163 27 98 9 91 58 102 17 68 43 171 42 67 59 112 100 6 20 167 50 184 11 96 94 167 29 49 82
198 20 1459 34 74 25 26 62 38 132 49 34 18 29 28 52 63 38 34 72 27 96 48 84 24 111 71 89 46 193 66 139 71 191 45 182 10 127 65 86 89 48 1
199 20 1687 84 66 154 35 84 8 9 63 183 38 166 53 125 27 22 82 115 91 181 47 1 70 118 24 179 65 111 95 146 67 27 27 187 28 140 60 52 71 25 39
200 20 1919 44 89 190 27 135 1 200 91 188 13 62 43 195 1 31 77 156 25 178 77 185 16 121 49 35 63 120 68 27 45 182 45 37 3 109 57 199 7 5 45
201 20 1614 63 13 24 59 49 41 138 84 35 53 88 18 2 81 148 85 54 45 156 44 176 69 112 23 54 64 193 67 58 55 102 79 183 79 28 8 161 97 194 12
202 20 1401 72 95 44 7 176 20 113 79 78 99 193 4 81 14 150 76 95 84 8 84 103 73 1 91 32 11 171 27 51 95 8 96 60 31 85 69 129 41 102 81
203 20 1781 165 59 137 83 22 92 180 30 18 83 61 54 131 34 149 44 135 92 97 22 181 16 97 88 16 75 44 16 194 32 151 89 179 64 32 61 109 82 129 49
204 20 1265 130 24 33 87 9 59 82 57 157 82 84 50 31 89 124 11 112 29 88 74 22 88 66 53 106 85 10 34 134 44 80 56 120 22 37 13 70 91 87 59
205 20 1653 160 90 189 63 28 50 15 23 70 28 11 17 84 65 78 74 116 86 134 73 83 5 165 55 74 32 132 42 181 31 30 11 79 67 163 47 141 36 134 60
206 20 1812 20 23 121 35 131 66 133 73 96 46 164 40 177 82 77 24 85 94 114 16 117 71 139 13 194 8 131 99 190 93 96 92 62 41 105 92 53 30 60 65
207 20 1706 29 32 182 85 131 93 198 37 90 34 36 14 182 63 40 93 174 99 153 74 35 16 22 59 167 81 71 47 98 9 196 74 24 55 114 84 175 55 16 40
208 20 1480 194 65 137 4 9 66 96 9 139 81 27 70 154 90 151 3 53 88 31 89 161 12 74 56 94 46 54 3 54 18 177 33 128 27 80 28 8 46 30 87
209 20 1238 60 48 84 11 14 58 65 86 47 88 26 74 21 1 46 47 34 35 100 71 129 55 137 62 147 88 86 89 157 55 106 41 37 57 1 13 190 67 61 97
210 20 1500 161 64 148 46 75 44 121 92 129 17 133 42 9 59 68 79 156 12 54 61 93 45 85 48 79 76 24 45 29 94 122 91 200 7 125 97 51 6 13 15
211 20 1500 66 69 81 4 60 90 194 99 190 100 98 58 58 21 88 97 139 65 178 65 31 60 163 29 5 78 44 98 69 65 85 71 133 72 140 8 26 11 27 93
212 20 1209 108 66 140 30 100 3 67 98 103 96 119 63 64 78 23 23 117 85 17 20 175 26 144 5 61 16 62 91 12 46 104 28 1 93 2 11 55 29 38 65
213 20 1839 58 68 74 75 112 22 192 59 137 29 118 62 147 8 171 55 83 88 38 81 132 65 199 35 119 86 10 61 181 18 13 81 34 38 199 48 89 46 193 52
214 20 1772 65 93 86 6 114 91 157 72 138 70 116 47 33 72 85 83 101 38 113 8 140 22 138 3 115 76 46 32 52 68 114 8 195 25 125 64 139 75 143 74
215 20 1708 60 33 66 62 193 12 164 28 4 69 48 27 149 40 168 79 65 65 176 67 190 36 78 18 62 94 152 73 91 39 84 53 34 35 182 26 120 51 50 73
216 20 1688 188 100 129 30 146 61 77 80 6 98 39 81 28 32 137 60 90 24 154 33 102 50 192 24 130 98 112 50 162 82 125 19 14 25 93 49 147 96 39 29
217 20 1756 173 27 130 86 134 87 102 61 109 4 108 96 124 42 123 39 18 86 157 45 4 32 174 50 89 38 157 50 77 29 123 57 98 44 176 19 51 82 69 94
218 20 1516 110 9 137 36 175 90 61 28 59 74 150 70 108 6 60 28 71 31 4 97 21 40 157 14 47 12 73 95 122 93 136 81 165 34 174 27 11 69 55 82
219 20 1692 118 56 131 7 133 88 31 46 185 52 90 82 148 74 11 42 197 26 180 36 123 32 61 84 61 32 115 87 195 38 8 93 35 91 122 55 77 57 95 82
220 20 1579 41 77 186 66 66 9 179 18 32 55 131 94 45 82 189 87 72 46 13 93 130 96 96 80 87 67 118 65 92 25 151 68 90 38 181 71 61 18 14 47
221 20 1700 192 71 130 11 67 23 123 69 48 98 143 13 18 1 105 38 11 52 134 1 66 99 35 26 194 56 140 34 52 87 134 98 151 36 52 50 191 14 140 1
222 20 1656 148 6 22 97 20 60 98 60 200 24 26 32 160 33 54 54 176 31 56 10 130 36 161 30 53 69 178 53 74 64 172 94 35 58 40 97 86 66 182 60
223 20 1566 117 9 12 68 77 92 146 77 130 90 125 23 16 18 189 20 107 73 37 57 174 79 42 28 140 80 136 57 73 62 136 6 122 4 41 8 89 98 49 43
224 20 1488 142 26 52 12 47 33 131 49 115 8 178 81 48 21 90 68 46 51 121 29 102 15 186 65 97 48 78 80 22 92 17 32 5 80 158 3 179 38 46 23
225 20 1766 106 2 29 92 27 44 167 61 108 78 135 72 99 67 153 32 61 46 99 11 136 93 140 85 25 63 107 73 73 68 193 12 149 45 137 85 89 24 175 84
226 20 1760 109 53 34 42 185 92 84 8 110 70 39 71 13 61 106 3 181 22 150 44 52 63 142 65 111 41 198 46 150 58 110 21 9 68 155 66 101 49 161 74
227 20 1636 62 24 39 55 100 11 158 3 85 38 18 12 103 68 199 13 43 11 174 33 96 89 173 26 179 24 179 9 87 51 29 97 123 16 20 93 124 59 54 22
228 20 1345 43 24 125 31 160 15 44 86 28 8 111 46 63 50 133 60 67 33 110 79 3 67 1 45 122 42 44 54 200 57 179 45 17 86 114 67 73 17 45 18
229 20 1751 91 12 159 45 61 10 133 17 83 86 186 54 194 16 98 48 51 77 121 98 112 69 69 38 52 77 131 79 51 21 152 90 195 6 5 59 95 90 150 29
230 20 1828 158 11 184 24 51 4 86 57 46 50 168 73 68 16 169 86 131 13 179 47 49 18 51 10 162 72 86 39 175 51 166 37 47 80 33 100 118 2 159 9
231 20 1796 39 54 162 56 123 71 141 69 161 12 127 89 174 29 188 11 170 25 166 95 180 83 191 44 40 7 66 49 42 27 14 24 104 3 127 88 28 48 3 44
232 20 1565 160 53 80 70 44 78 84 98 34 58 65 55 53 39 178 38 8 12 194 46 175 84 82 48 125 53 42 81 89 18 169 17 139 36 159 66 23 32 54 1
233 20 1976 39 77 88 1 146 84 169 48 192 10 176 46 47 95 198 17 188 48 148 68 45 26 71 74 117 64 141 24 140 99 193 57 103 2 198 1 17 32 55 21
234 20 1484 15 1 109 66 5 36 29 44 22 78 151 66 49 98 173 21 180 48 65 4 25 69 195 57 51 52 104 91 161 52 142 56 80 3 159 25 5 65 136 67
235 20 1689 11 44 96 3 28 56 166 31 83 81 64 1 173 13 194 29 142 85 196 30 30 59 121 92 146 12 12 13 123 14 104 12 145 84 60 48 79 82 139 87
236 20 1295 16 18 139 72 72 18 114 53 95 97 176 54 1 35 59 94 76 59 180 87 16 28 94 69 4 88 85 48 19 95 27 18 82 61 170 59 92 61 102 14
237 20 1497 58 30 197 88 58 23 172 15 156 21 10 93 87 80 23 53 83 59 53 93 196 76 147 63 65 20 4 80 40 14 190 34 44 82 168 51 42 77 79 71
238 20 1760 2 16 112 65 102 6 40 3 183 93 73 5 53 34 173 37 181 90 193 22 58 34 122 58 42 22 111 4 175 17 106 3 70 49 153 60 79 3 173 28
239 20 1202 137 82 134 92 56 7 72 70 67 2 20 4 102 4 96 81 21 70 64 66 39 44 61 49 181 54 66 83 148 87 31 88 96 92 43 73 9 91 60 46
240 20 1388 25 39 155 17 127 86 78 4 60 56 16 62 127 62 19 4 38 35 41 43 111 52 6 87 146 79 191 11 77 96 47 48 11 29 169 81 117 32 175 81
241 20 1858 101 91 190 71 153 65 130 51 59 78 149 88 113 15 118 33 89 42 146 11 3 56 81 94 70 3 144 23 198 13 68 93 5 43 194 10 117 10 195 42
242 20 1411 12 55 30 26 57 14 116 81 47 73 158 40 11 32 172 95 119 40 135 74 90 19 137 69 129 36 85 88 115 41 13 39 27 48 195 8 85 93 31 98
243 20 1560 101 11 123 36 145 41 89 84 69 9 160 76 93 47 133 68 200 27 85 81 19 26 1 62 86 35 63 78 164 47 15 77 158 14 39 86 106 63 102 48
244 20 1496 74 47 36 83 52 75 142 43 33 81 67 10 10 81 8 38 171 42 99 10 175 62 175 54 129 15 46 27 17 5 88 9 168 25 82 54 181 75 117 7
245 20 1368 9 92 123 56 58 37 194 66 115 74 45 30 99 38 17 69 140 20 69 58 91 54 89 93 102 57 55 100 23 49 117 85 8 74 151 10 82 6 123 96
246 20 1584 92 95 163 15 103 19 156 31 17 25 88 47 44 52 152 11 2 44 43 48 155 31 89 75 137 73 70 97 64 73 109 20 95 29 148 34 54 34 200 60
247 20 1832 19 71 70 44 160 68 41 81 129 94 16 89 189 4 193 21 116 84 96 3 197 2 22 92 171 89 198 38 167 26 131 2 47 73 78 27 106 87 145 10
248 20 1755 179 84 60 38 93 28 120 61 158 19 92 72 143 57 197 10 56 49 9 27 108 12 124 58 53 3 45 58 58 69 145 90 94 12 130 45 138 98 192 89
249 20 1364 54 68 50 24 56 5 11 78 117 89 58 83 78 99 96 10 178 51 128 51 59 25 43 71 179 87 53 30 22 47 14 49 3 53 192 45 151 40 163 42
250 20 1755 90 73 117 20 192 83 36 88 148 26 120 89 55 48 138 3 86 4 166 60 99 25 77 49 78 58 107 85 112 94 124 36 153 11 164 80 10 3 122 58
