1 20 1978 36 18 180 77 64 75 86 39 48 24 194 22 62 90 239 53 78 64 21 98 242 65 152 83 151 74 104 47 217 66 125 48 89 59 82 35 245 19 58 34
2 20 1982 190 79 67 85 29 29 95 41 247 24 23 79 224 53 156 67 111 85 196 70 27 5 225 42 200 8 36 71 71 1 144 39 1 11 202 37 95 98 139 43
3 20 1932 194 30 31 24 142 58 213 83 15 78 200 17 206 71 144 36 119 88 189 64 60 81 90 69 40 86 12 81 63 14 55 85 134 20 165 52 109 38 235 17
4 20 2429 173 17 172 67 142 83 244 12 89 8 88 88 123 82 152 34 51 30 193 55 186 87 207 13 25 93 160 17 216 3 145 66 238 41 225 1 20 53 188 20
5 20 1532 25 6 133 34 201 32 24 86 162 51 19 18 78 19 46 1 95 97 62 20 5 64 66 72 134 88 74 40 131 26 206 61 124 64 171 18 23 95 137 53
6 20 2302 180 71 218 98 189 83 100 58 209 3 7 56 102 78 185 91 47 73 145 75 9 42 216 51 93 76 204 28 136 1 209 93 245 59 130 27 169 1 85 91
7 20 1732 2 94 235 91 177 43 62 36 205 95 199 66 5 69 137 67 160 90 128 62 99 11 29 33 38 92 1 52 147 68 242 77 205 5 39 99 39 47 17 92
8 20 1832 216 40 89 66 226 61 193 6 72 15 161 53 45 65 189 15 84 11 65 27 118 89 15 97 104 70 104 71 97 6 134 84 242 57 88 32 4 82 45 35
9 20 1916 20 38 215 23 64 18 242 44 90 51 7 27 23 68 118 88 146 62 137 88 55 11 136 98 226 19 160 50 16 58 209 60 136 36 98 5 134 41 164 96
10 20 2139 122 24 240 98 185 22 87 19 78 20 158 59 132 66 210 44 99 56 178 41 146 89 65 84 163 85 116 65 244 29 159 58 127 30 73 98 77 40 15 50
11 20 2187 135 33 207 45 32 70 148 94 55 78 141 22 86 15 240 34 229 85 192 64 150 66 181 95 224 90 17 92 91 63 19 79 163 80 138 60 148 71 138 3
12 20 2285 95 99 208 31 53 90 132 61 15 93 229 63 133 27 105 28 211 50 101 93 49 66 26 14 250 72 37 73 250 94 161 75 155 13 167 5 249 89 231 56
13 20 2672 114 90 190 14 199 6 169 35 248 26 224 69 103 32 215 19 63 6 172 27 18 85 213 87 178 71 212 92 56 77 205 8 219 35 211 100 100 68 232 16
14 20 2518 121 12 225 26 213 54 200 56 52 99 186 14 217 53 143 50 244 89 16 52 124 34 186 48 192 48 227 50 197 96 65 5 120 7 126 1 102 12 192 13
15 20 2709 165 1 175 4 106 90 242 95 175 93 242 69 178 3 84 5 223 14 175 70 193 35 211 30 107 93 159 48 190 35 130 98 14 54 190 51 208 60 220 40
16 20 2173 155 73 166 95 28 44 233 73 146 68 44 22 170 14 189 91 70 42 172 31 152 41 84 35 67 21 161 64 207 85 6 59 215 63 80 48 172 89 200 26
17 20 1794 30 33 106 32 122 97 95 13 171 41 35 63 110 8 42 30 82 99 61 14 39 72 145 43 132 45 80 38 229 56 244 28 67 32 130 14 79 87 244 95
18 20 1820 208 10 103 80 76 39 103 46 47 19 41 72 136 83 182 39 184 19 30 12 70 50 4 68 195 85 59 6 123 61 50 89 201 60 129 53 119 32 216 80
19 20 2169 122 59 238 19 78 10 103 87 169 49 61 21 211 9 123 70 179 4 37 59 178 68 32 70 139 80 74 9 89 2 202 99 84 26 159 12 222 93 212 26
20 20 2313 102 56 17 74 97 24 144 15 85 40 245 96 169 56 131 98 211 6 166 32 212 43 174 28 50 17 187 53 212 2 161 51 208 97 92 12 216 75 13 2
21 20 2207 55 48 235 42 174 54 167 9 56 3 164 61 239 15 141 38 149 16 126 84 166 44 27 14 33 46 29 16 198 27 218 5 202 54 131 40 148 44 101 31
22 20 2223 97 17 222 1 96 68 218 49 222 48 42 2 226 1 131 25 133 44 77 20 225 28 75 69 130 2 86 83 222 80 13 53 41 94 189 91 155 83 179 60
23 20 2208 11 34 31 10 196 38 75 30 86 21 140 89 120 81 219 7 177 94 151 74 226 86 189 62 229 37 179 33 170 19 135 26 151 54 74 50 154 74 48 29
24 20 2336 234 9 204 37 69 76 165 68 97 73 129 34 139 43 116 72 91 89 249 60 246 7 127 91 108 31 114 69 139 38 230 49 135 59 1 4 112 82 215 55
25 20 1800 60 37 226 89 31 86 165 11 157 40 10 34 198 42 111 97 212 33 219 46 31 61 162 97 31 61 12 17 38 1 132 91 156 2 6 94 211 74 83 9
26 20 2008 18 48 50 91 235 85 208 7 101 77 116 48 99 5 240 98 109 17 231 71 31 83 201 22 139 100 123 7 60 71 115 86 92 35 164 44 64 54 114 42
27 20 2271 250 85 72 43 193 22 74 44 76 49 240 98 148 73 78 82 120 42 139 4 233 60 106 81 108 19 139 77 181 16 217 60 48 42 13 31 231 45 173 26
28 20 2110 122 98 141 4 175 1 28 13 191 19 152 15 197 53 204 78 125 23 42 98 220 10 166 13 231 8 126 95 137 51 77 77 94 89 122 9 6 10 82 40
29 20 2196 147 71 10 43 213 6 80 49 188 82 105 90 161 63 103 11 191 1 167 8 186 49 88 84 127 18 227 19 29 86 181 40 216 74 6 71 119 90 202 90
30 20 1557 23 80 62 83 89 15 158 45 147 63 11 13 201 10 45 41 9 64 84 98 9 85 205 38 116 13 188 93 153 15 41 42 127 11 27 55 81 76 171 79
31 20 2160 170 9 236 85 134 81 238 22 4 51 121 89 193 90 40 89 221 44 177 87 75 48 46 10 182 74 247 75 132 44 189 12 217 7 27 59 5 51 47 43
32 20 2345 184 4 47 94 245 31 79 63 133 48 87 96 209 95 65 85 124 98 76 28 187 18 99 49 193 29 248 98 93 5 234 39 144 75 99 7 249 39 137 64
33 20 2116 231 82 248 57 196 46 177 26 172 63 203 24 23 65 73 12 98 63 5 10 122 47 144 49 126 28 172 15 154 11 49 45 27 60 97 75 209 96 119 75
34 20 1797 156 54 120 93 192 10 72 36 6 42 107 50 192 12 78 4 163 38 230 88 16 38 1 12 172 54 85 34 20 28 169 67 57 40 205 58 91 65 115 27
35 20 1540 79 22 184 11 54 64 51 14 69 78 213 32 193 67 11 90 9 2 6 52 56 49 68 12 208 16 21 46 158 45 5 67 107 98 146 14 109 29 179 74
36 20 2294 46 10 92 20 238 46 232 54 154 12 137 59 93 7 101 50 113 35 22 61 180 46 228 99 122 87 129 60 196 13 168 66 179 3 220 23 178 94 40 66
37 20 1725 39 5 145 95 8 80 107 21 233 77 188 20 121 95 25 41 212 40 73 72 107 61 78 13 192 39 153 9 52 19 17 41 242 76 162 10 2 3 1 39
38 20 1740 172 11 151 22 82 98 85 3 50 20 57 37 98 51 15 70 34 41 179 60 137 7 242 75 240 17 26 33 72 90 70 70 120 87 81 41 242 68 22 83
39 20 1920 22 55 99 12 194 34 202 35 3 35 172 86 207 6 166 20 74 25 84 86 79 33 63 96 15 23 45 68 143 50 100 87 176 25 211 72 130 72 215 95
40 20 2085 214 98 23 100 201 51 216 9 222 90 46 58 102 90 160 60 140 74 36 52 221 44 105 59 243 52 101 51 52 12 97 9 209 82 43 64 64 13 112 11
41 20 2171 240 77 222 73 112 85 53 61 229 32 87 46 140 2 196 34 76 30 152 73 214 96 91 94 181 54 82 18 128 24 238 71 70 87 81 70 61 49 61 21
42 20 2271 209 91 2 99 80 86 72 77 211 73 250 74 99 17 4 28 104 80 186 4 241 80 167 97 220 22 246 96 186 79 117 23 10 96 242 31 113 75 80 54
43 20 2056 233 63 171 86 214 45 4 86 118 48 71 4 176 1 191 32 61 6 39 28 99 4 239 83 159 45 164 1 207 66 115 94 90 1 113 70 27 56 80 97
44 20 2147 94 34 196 54 143 42 74 32 12 12 232 81 139 41 201 95 108 72 39 56 156 88 118 43 210 95 147 72 183 88 30 17 43 49 226 69 136 24 197 1
45 20 2034 38 47 131 73 165 71 148 1 18 33 128 76 105 23 236 98 222 68 120 56 239 82 125 49 139 52 98 56 239 15 22 62 53 81 141 28 122 86 54 70
46 20 2043 186 99 61 73 245 1 106 33 193 26 94 15 34 5 141 48 36 34 119 38 7 94 233 13 58 83 243 50 139 59 163 69 183 55 3 50 95 47 215 82
47 20 2404 106 91 217 35 175 79 182 87 62 91 210 81 115 85 58 90 153 98 143 41 201 17 40 69 166 7 232 74 191 93 249 30 26 25 198 69 141 53 140 85
48 20 2566 144 31 249 4 58 28 165 100 250 8 250 78 174 13 112 72 119 58 208 58 195 29 132 88 225 55 177 55 147 48 196 55 180 44 18 93 88 39 121 68
49 20 2084 133 70 173 50 218 79 198 78 80 97 109 12 106 46 7 63 98 58 214 11 154 30 197 35 214 15 79 27 23 36 201 77 18 91 121 21 187 72 76 3
50 20 2390 85 84 98 24 248 48 179 35 117 10 230 9 59 20 235 69 78 96 250 1 77 18 169 48 163 32 116 52 105 78 181 12 175 80 141 38 207 16 75 10
51 20 1968 164 43 243 90 14 15 207 22 90 30 172 91 37 37 157 94 125 10 75 4 203 56 133 78 123 7 99 19 124 63 47 34 17 39 91 61 233 51 106 28
52 20 1708 103 78 42 36 29 11 103 11 9 89 156 41 171 65 136 4 221 43 171 77 147 16 13 56 133 13 1 57 40 74 65 29 59 57 243 19 191 27 103 21
53 20 2162 173 73 197 70 169 70 1 2 155 17 45 57 64 38 203 61 186 10 243 51 53 72 83 36 212 10 159 18 202 12 56 63 161 38 212 98 53 39 76 16
54 20 1810 108 83 53 24 180 61 73 83 220 94 203 72 133 37 108 1 205 17 193 96 53 27 59 16 80 19 3 11 62 14 66 8 209 3 102 7 11 92 142 68
55 20 2251 220 42 228 26 55 71 90 61 10 5 165 86 127 25 220 79 147 72 238 63 108 31 89 87 233 21 103 90 121 16 207 50 22 63 93 87 119 88 219 65
56 20 1660 79 65 50 11 224 50 83 8 30 77 49 16 130 4 168 72 49 93 82 13 189 35 101 73 47 71 6 8 238 53 235 69 37 5 100 94 108 54 71 15
57 20 1941 98 99 125 92 162 9 244 42 109 2 98 49 222 75 68 31 163 74 139 12 97 93 84 95 71 96 89 45 73 75 249 84 109 71 168 88 20 1 39 97
58 20 1884 118 51 70 50 181 99 76 21 246 52 169 74 191 22 77 14 49 71 95 20 162 69 148 41 227 59 82 88 183 52 216 18 31 32 13 48 11 99 10 13
59 20 2067 72 31 223 24 12 32 219 66 63 67 210 29 149 59 64 65 59 77 227 69 210 43 127 26 144 20 149 42 160 64 30 69 193 43 110 20 109 80 54 11
60 20 2308 77 72 171 22 179 54 121 14 217 79 111 60 36 73 164 95 166 53 12 57 155 48 8 86 156 94 175 89 166 50 219 63 241 17 187 56 238 53 86 1
61 20 1715 31 45 138 57 19 28 108 89 90 54 214 18 215 64 89 26 58 11 106 31 15 65 127 96 41 36 133 99 210 13 40 28 88 32 118 6 98 30 206 13
62 20 1651 19 55 137 48 220 29 28 80 205 47 1 87 106 43 126 23 24 57 174 16 197 80 142 52 101 72 48 5 108 21 93 81 135 78 82 86 10 5 108 10
63 20 2140 108 7 191 82 218 63 162 15 7 38 212 74 236 6 203 9 15 100 61 70 212 18 195 50 79 24 64 2 81 27 159 34 237 71 29 61 64 24 142 36
64 20 2166 179 51 211 93 74 76 131 29 232 34 193 81 111 86 194 44 199 14 106 86 115 29 34 45 90 22 136 9 211 52 2 86 39 72 202 77 34 72 215 43
65 20 1993 26 14 98 3 204 54 159 61 126 64 44 47 92 8 93 93 234 37 115 38 188 21 125 94 185 3 1 65 90 59 118 93 128 60 181 11 192 74 93 40
66 20 2270 209 67 21 74 17 31 34 59 141 88 69 76 197 54 230 61 32 65 202 12 90 88 69 94 250 54 233 29 229 85 76 83 78 29 228 51 209 71 224 63
67 20 2005 8 24 75 56 127 16 30 34 168 27 10 24 240 64 149 94 170 26 165 33 42 90 162 72 48 94 210 2 209 41 210 99 243 17 103 41 39 2 99 6
68 20 2342 188 61 52 90 107 3 163 57 195 15 162 81 244 24 190 31 112 64 160 82 119 70 39 58 70 39 175 19 216 78 131 52 95 57 244 67 43 10 223 74
69 20 1926 2 91 211 51 249 40 56 71 63 91 94 25 54 40 69 84 152 23 65 67 138 57 86 75 142 35 155 40 90 32 115 12 241 5 225 39 41 82 160 6
70 20 2045 161 97 58 5 92 37 215 87 124 66 197 68 66 42 202 40 244 5 175 48 131 90 37 76 143 42 133 33 28 68 208 66 96 23 47 94 94 44 106 15
71 20 1967 91 36 146 10 248 72 3 3 222 66 36 76 168 97 8 49 34 61 150 69 90 24 171 5 90 98 238 28 169 43 205 29 157 68 30 99 23 46 180 60
72 20 2216 144 72 217 47 224 19 10 62 54 74 92 86 169 34 143 88 208 1 165 52 72 40 246 96 116 11 78 37 4 32 186 26 150 13 230 100 161 8 102 6
73 20 1878 172 66 154 91 159 87 48 88 199 48 128 78 32 5 33 2 125 99 152 15 178 46 53 41 142 89 154 25 114 23 57 85 44 43 187 6 142 28 75 57
74 20 2126 123 18 122 97 171 48 241 19 118 40 44 97 235 32 224 5 65 99 217 87 222 71 45 18 56 65 204 32 149 23 4 47 239 4 17 21 112 94 50 52
75 20 1620 66 51 70 88 140 80 61 17 129 80 137 8 135 14 181 73 33 91 63 89 64 60 95 92 139 66 7 2 15 72 13 11 126 85 219 98 181 90 152 70
76 20 1727 33 66 173 46 21 36 34 55 1 4 215 56 4 76 9 71 198 48 160 96 144 8 12 4 143 32 36 55 236 29 82 95 203 50 106 45 175 67 174 98
77 20 2312 222 1 218 72 132 100 101 48 83 15 227 15 87 26 214 96 147 71 21 26 229 2 128 70 116 52 124 81 7 39 247 78 221 79 158 88 172 97 36 72
78 20 2096 146 7 39 40 223 19 110 70 231 43 12 32 10 52 85 28 191 41 148 95 68 67 99 6 125 39 240 24 92 89 143 16 239 46 100 60 116 42 203 16
79 20 1765 17 93 109 26 141 65 52 68 153 70 56 66 17 48 125 10 54 12 49 64 231 62 179 9 70 56 61 34 163 82 135 2 169 60 138 11 159 43 129 18
80 20 1993 245 14 110 9 91 25 74 72 107 69 146 3 59 9 140 29 211 33 237 3 18 53 41 59 149 96 228 48 200 68 29 35 113 96 225 89 42 89 27 31
81 20 2444 241 47 175 46 224 14 189 99 209 11 41 74 240 71 161 74 179 6 107 56 8 16 124 60 179 65 160 68 232 100 119 4 135 74 73 28 232 2 27 82
82 20 1877 62 3 129 70 48 31 150 71 118 76 121 87 89 7 209 95 4 58 227 94 242 53 248 96 112 24 21 84 47 59 103 5 92 47 86 47 63 89 176 97
83 20 2080 119 69 239 37 47 2 158 36 145 24 42 53 195 40 6 82 9 58 164 77 4 44 3 74 171 43 239 70 174 27 242 20 232 48 213 34 96 53 102 68
84 20 1947 28 75 52 78 204 67 13 87 193 2 223 90 49 81 169 90 219 4 54 72 234 34 45 55 20 28 122 85 79 72 63 30 152 74 44 43 229 21 242 45
85 20 1961 67 71 69 8 69 44 222 84 238 44 109 11 157 72 170 5 237 76 65 56 174 74 1 10 101 10 111 39 137 13 197 93 46 71 79 41 48 13 155 89
86 20 1996 174 18 212 18 238 52 200 30 190 37 172 47 119 83 229 23 142 16 154 49 94 94 4 22 130 88 83 75 17 97 87 71 75 55 90 40 24 90 62 39
87 20 1788 83 49 177 7 93 92 215 67 203 94 80 71 117 8 237 24 7 72 8 13 154 25 51 42 8 63 201 18 129 78 117 96 155 50 84 7 46 37 71 41
88 20 2201 235 56 30 99 247 41 11 67 138 27 40 78 48 18 99 77 103 38 191 18 149 57 151 34 228 91 120 45 248 8 29 88 82 100 208 7 250 35 145 53
89 20 1582 77 3 14 87 250 3 26 57 236 74 110 91 27 40 92 8 4 75 73 67 169 26 22 33 87 40 168 93 16 80 241 68 87 84 116 57 65 37 98 42
90 20 1700 36 30 76 74 30 30 154 57 35 69 214 13 218 95 96 98 225 49 82 32 13 56 182 86 3 81 248 100 224 72 111 6 25 84 11 94 6 14 136 14
91 20 1784 63 32 47 63 77 34 1 39 167 9 129 89 203 12 182 81 169 10 128 24 158 53 4 33 39 42 61 38 165 45 110 2 194 10 210 95 60 80 63 47
92 20 2268 131 42 6 27 94 76 122 76 149 74 148 56 142 29 227 48 230 4 135 41 42 53 205 74 165 84 7 39 162 6 125 56 231 62 160 67 172 40 182 36
93 20 1908 123 14 121 6 161 15 97 9 66 45 189 67 40 84 217 95 51 46 72 16 92 98 130 27 6 5 247 9 170 10 239 25 78 51 39 82 112 5 136 29
94 20 1862 38 63 158 13 179 99 14 25 75 78 2 4 54 17 39 79 172 28 137 43 230 19 111 22 11 38 223 97 191 49 65 52 208 7 81 58 239 81 101 1
95 20 1915 215 6 34 62 160 53 20 92 52 29 134 19 152 41 72 84 132 63 29 89 31 22 43 43 134 38 46 43 225 39 194 25 221 24 178 82 199 76 123 34
96 20 1620 9 96 84 2 61 74 44 73 129 42 116 83 142 65 226 80 47 60 145 6 86 68 220 58 174 92 150 99 25 61 148 36 60 88 68 49 50 33 42 85
97 20 1964 93 40 237 83 83 25 216 16 195 100 8 95 250 7 226 61 155 31 131 55 118 93 249 76 91 30 71 26 24 6 136 13 33 6 20 85 95 19 24 37
98 20 1811 19 96 122 74 33 80 221 93 69 1 15 77 217 23 101 74 233 85 76 43 204 47 178 52 153 32 231 99 42 46 34 42 6 63 38 20 26 79 246 15
99 20 2324 33 17 220 64 213 51 246 100 167 35 233 24 41 45 84 80 88 67 15 34 223 98 100 13 122 19 196 25 16 4 230 17 90 21 237 67 141 76 211 27
100 20 2168 116 67 214 57 136 66 177 62 172 44 74 42 232 57 44 26 105 61 202 84 116 42 241 68 94 79 221 33 85 7 10 1 46 40 105 88 232 93 89 52
101 20 1281 6 87 231 56 46 41 25 61 1 87 24 61 204 20 23 10 174 43 232 94 42 78 20 91 87 65 18 10 22 61 185 57 17 46 183 48 38 55 24 2
102 20 2146 89 13 144 48 59 40 105 54 91 40 209 98 16 64 56 37 211 11 192 17 128 77 37 36 146 81 195 43 237 88 226 15 158 13 122 90 61 28 201 51
103 20 2050 92 77 72 37 160 40 246 36 220 92 64 78 72 94 90 53 239 70 238 85 184 53 211 83 49 55 135 40 5 78 114 12 175 72 86 11 23 55 88 36
104 20 2460 99 32 182 39 120 36 217 83 9 94 145 28 103 75 80 91 250 68 216 15 162 52 160 35 71 86 151 87 229 18 249 76 140 97 196 98 110 45 186 23
105 20 2170 168 60 62 51 214 34 236 45 98 57 82 41 112 86 211 73 192 26 28 49 226 90 117 49 95 20 213 64 59 84 28 20 188 85 104 91 118 80 162 89
106 20 1764 130 100 38 91 197 6 11 23 225 81 97 57 202 51 36 64 10 9 132 9 178 80 248 39 73 56 89 7 64 19 44 11 129 12 44 17 174 53 85 75
107 20 1577 166 37 220 19 57 15 44 2 23 68 61 80 90 50 95 54 85 32 19 5 180 15 87 26 166 46 81 69 65 42 112 61 95 34 165 25 125 63 36 55
108 20 1965 159 1 80 62 75 17 220 7 213 29 110 78 81 58 161 32 147 31 105 49 12 59 160 39 88 3 64 98 98 15 132 35 114 39 176 71 116 9 146 80
109 20 1879 155 53 18 2 4 64 232 41 38 73 74 60 206 83 17 65 162 39 62 93 29 26 47 32 32 96 239 84 173 77 138 60 162 52 241 99 70 67 250 68
110 20 1704 202 27 183 30 16 80 153 21 85 94 71 34 31 17 18 60 23 8 234 30 30 86 75 30 102 5 111 73 81 28 53 33 226 61 221 35 64 15 151 12
111 20 1946 30 24 239 52 29 60 169 60 209 36 65 9 62 23 214 7 54 82 231 41 85 61 186 47 73 89 49 99 215 71 83 99 56 75 57 37 137 4 190 40
112 20 2028 14 15 104 24 122 52 91 73 191 86 154 79 215 68 141 5 10 72 98 54 205 15 121 91 6 89 127 81 223 55 143 76 199 53 211 24 13 8 148 100
113 20 2112 85 35 120 32 245 94 242 13 50 91 45 3 103 74 57 24 145 1 62 67 221 46 176 17 197 17 50 25 127 48 11 27 111 10 131 45 229 10 234 33
114 20 2137 193 86 31 82 102 28 234 80 178 89 191 21 116 34 79 12 130 82 39 7 66 60 185 72 223 74 178 45 219 62 64 28 116 22 41 100 182 30 105 19
115 20 2662 173 10 239 70 82 37 185 34 116 44 180 18 197 48 170 21 185 75 160 54 138 64 85 28 90 45 184 57 234 53 161 37 221 49 180 28 235 16 113 87
116 20 1960 237 2 13 90 242 73 172 85 137 4 66 71 31 43 226 74 163 27 143 100 44 75 49 73 204 91 22 49 194 95 190 60 115 40 10 63 155 99 38 79
117 20 1754 110 79 94 23 45 60 122 24 152 81 228 60 205 87 149 26 153 72 95 79 9 17 84 51 52 62 103 43 171 73 72 73 39 67 157 92 90 42 63 27
118 20 2212 82 90 89 52 155 91 80 84 242 48 67 54 239 38 3 40 192 67 232 90 245 83 66 32 250 20 168 30 128 1 39 99 123 21 81 12 82 70 202 41
119 20 2095 165 23 82 35 139 43 34 100 248 53 155 81 223 57 203 25 185 49 125 30 44 28 67 23 111 84 153 36 61 81 30 43 146 69 35 84 195 1 218 1
120 20 1841 78 87 155 25 229 5 35 25 210 3 34 97 208 47 96 48 135 12 55 99 177 46 40 52 115 75 91 49 69 38 5 23 71 94 84 32 232 55 183 43
121 20 1774 88 61 90 87 155 50 188 37 231 51 128 91 42 9 29 92 1 15 231 93 48 58 66 2 159 98 172 89 83 36 50 15 182 76 34 2 30 29 211 10
122 20 2065 206 8 7 72 7 53 107 57 204 13 118 31 163 96 169 64 147 9 92 93 12 65 214 88 98 65 154 49 240 91 239 15 66 28 37 81 67 44 235 87
123 20 1974 225 65 27 48 25 39 57 8 79 5 115 3 166 73 136 28 58 47 83 30 204 55 216 74 57 64 4 100 184 25 202 33 159 19 118 54 131 59 222 90
124 20 2291 188 70 87 4 170 57 245 31 219 21 127 68 230 36 235 17 31 52 143 51 63 41 121 69 68 5 230 85 125 49 164 82 142 29 13 11 120 57 143 25
125 20 2152 53 1 189 44 239 59 19 67 77 43 226 60 238 56 145 50 219 17 100 39 82 40 13 37 47 96 226 85 225 95 169 5 155 66 8 81 181 30 80 34
126 20 2515 118 67 173 51 113 23 206 86 81 1 126 84 30 22 22 15 167 39 205 61 175 74 105 58 248 10 240 85 229 93 133 72 208 100 245 3 75 34 245 97
127 20 2472 150 94 230 50 244 8 35 35 88 41 164 22 123 43 237 35 238 46 178 29 136 83 105 33 64 48 209 71 228 61 85 80 235 99 222 91 79 56 40 88
128 20 1836 212 18 184 22 234 92 103 79 16 67 189 80 62 34 187 5 38 86 87 36 52 28 194 30 108 33 25 91 4 10 214 95 112 9 177 44 24 3 74 35
129 20 1900 161 86 49 42 58 66 193 39 203 46 60 18 52 53 22 15 51 53 151 57 81 100 176 96 216 71 139 78 89 7 239 50 227 83 70 60 51 75 87 17
130 20 2280 77 63 186 64 32 73 88 90 237 88 88 17 100 29 99 70 228 7 187 13 119 6 204 44 142 58 176 32 92 100 137 25 129 41 239 89 107 25 183 26
131 20 1508 212 82 13 22 93 52 117 42 137 26 69 84 13 2 132 43 27 92 247 32 84 41 142 21 83 63 21 20 37 14 73 86 20 92 11 42 187 20 168 70
132 20 2449 42 5 112 35 87 74 165 21 17 28 217 17 231 9 211 2 198 3 168 7 231 46 159 59 202 17 2 98 209 30 245 58 158 10 169 37 223 68 16 63
133 20 1360 32 19 4 36 170 26 152 11 234 56 66 33 114 29 20 97 101 61 136 36 172 11 60 99 51 49 65 100 20 32 57 64 58 47 61 88 67 92 61 48
134 20 2217 170 52 148 97 168 31 37 44 12 39 85 68 77 44 235 38 106 65 191 64 60 87 189 31 205 24 165 38 210 33 239 51 143 66 81 46 243 98 8 37
135 20 2233 167 83 63 2 7 26 186 37 203 87 68 31 235 70 145 62 16 74 99 51 237 30 185 89 136 96 189 10 230 34 64 50 129 59 95 82 175 91 163 24
136 20 1980 111 61 10 66 2 14 83 87 214 4 28 97 90 22 188 88 205 85 197 39 99 32 212 100 58 50 213 12 208 33 141 55 15 10 224 5 114 53 63 20
137 20 1735 244 76 193 2 9 86 40 73 55 45 231 37 32 70 169 24 95 61 151 42 68 41 29 48 125 100 169 55 70 38 121 53 207 13 79 56 52 89 30 31
138 20 1826 198 21 60 55 160 61 90 37 171 43 212 63 78 12 56 34 109 93 239 45 180 43 151 69 21 11 248 49 206 10 24 48 74 73 3 30 2 26 1 64
139 20 1924 124 87 164 66 38 36 177 11 170 47 53 42 112 86 3 5 7 63 26 14 167 85 103 41 195 16 206 13 96 41 219 91 72 17 223 86 162 29 89 75
140 20 2235 10 75 164 1 127 32 77 84 114 81 155 49 15 96 203 6 179 75 147 84 208 100 163 91 102 34 244 42 234 11 56 84 177 9 242 90 18 7 159 53
141 20 1926 181 59 49 80 248 1 173 88 159 93 45 69 65 66 3 6 204 75 155 84 232 64 75 4 13 48 24 75 211 91 155 55 54 2 81 57 118 8 163 90
142 20 2120 160 82 84 49 172 72 33 76 35 90 76 56 244 10 198 80 169 2 12 87 230 24 179 15 49 91 153 9 218 50 169 34 141 65 164 95 37 43 128 95
143 20 2384 223 33 208 14 188 64 150 87 112 46 191 25 122 61 40 78 189 11 205 72 65 34 110 29 117 72 29 46 211 88 217 75 200 37 86 98 241 82 77 80
144 20 2636 210 26 187 8 215 91 27 47 248 71 154 18 210 28 204 100 98 71 234 36 167 65 200 92 120 43 160 79 112 32 12 7 207 6 174 49 170 20 187 17
145 20 1942 171 2 7 14 145 39 44 35 228 73 125 21 185 92 94 66 242 66 242 14 147 95 18 58 139 67 130 78 113 71 106 29 180 72 10 10 63 93 39 46
146 20 1564 40 94 67 79 92 35 207 58 87 14 62 86 25 70 186 52 226 28 191 4 56 5 28 7 195 47 21 14 29 79 85 73 4 36 26 93 248 77 81 79
147 20 1756 154 12 184 18 157 50 83 63 54 24 148 10 65 14 15 56 65 54 196 53 146 28 223 95 44 31 143 65 135 10 49 74 89 70 20 94 48 7 178 71
148 20 1899 40 76 105 10 98 96 46 14 28 90 165 33 122 100 130 40 141 14 78 55 89 95 239 9 143 45 178 92 221 45 183 33 58 93 83 51 185 12 42 32
149 20 2648 188 56 212 86 82 79 242 40 112 95 58 70 192 74 144 97 234 17 227 78 236 17 210 45 85 62 158 17 97 88 104 16 201 84 221 7 222 73 86 91
150 20 2239 80 71 186 48 164 32 24 67 198 76 171 24 211 28 159 69 18 68 130 16 143 76 67 92 161 75 200 52 219 66 207 42 100 79 244 81 114 73 3 97
151 20 1692 11 88 80 36 46 66 35 55 91 82 208 54 175 19 85 41 86 97 230 14 139 74 18 57 42 61 157 91 113 47 204 66 118 30 68 91 153 54 56 6
152 20 2397 162 18 185 3 224 98 186 58 152 51 164 90 229 13 146 98 127 56 219 93 143 48 209 3 18 51 47 95 143 30 185 27 127 98 1 44 189 94 141 18
153 20 1885 125 97 104 83 250 42 191 39 227 42 55 30 50 100 201 22 21 1 88 10 171 48 101 7 131 79 38 52 55 4 97 80 20 25 208 57 145 30 79 58
154 20 1960 2 70 73 73 36 20 237 90 179 33 153 9 123 46 106 94 230 28 146 14 56 23 148 82 214 40 211 1 133 28 66 96 129 80 69 99 27 90 113 61
155 20 2453 164 83 178 96 92 1 73 75 151 33 190 100 163 73 103 100 28 76 134 13 76 57 191 40 162 64 227 50 167 63 237 73 193 39 198 99 101 9 239 42
156 20 1863 45 37 27 8 172 89 20 24 223 7 23 73 186 72 45 88 105 22 133 4 240 61 98 96 91 27 46 13 86 29 243 87 197 65 168 92 175 59 6 85
157 20 2372 150 39 239 12 54 98 243 20 206 80 182 18 198 91 244 29 134 75 177 70 29 43 202 18 241 34 109 4 65 49 98 35 121 27 93 58 72 85 108 90
158 20 2120 119 1 37 7 71 26 170 14 184 21 163 14 109 28 55 19 226 99 207 8 68 50 143 8 235 10 177 9 114 57 188 40 111 6 238 47 31 55 5 38
159 20 2324 146 81 249 63 164 73 123 86 233 42 185 43 188 4 85 34 163 98 45 62 152 96 95 38 102 24 212 29 73 42 33 3 146 96 210 49 73 39 229 86
160 20 1855 42 97 186 98 113 21 9 12 141 40 93 93 77 42 103 70 173 90 5 55 79 21 168 64 225 37 98 41 136 22 135 67 217 67 143 93 62 56 114 57
161 20 2092 128 12 132 26 76 36 15 24 70 28 148 48 112 90 220 81 220 55 41 92 194 72 149 53 84 65 159 17 186 35 195 82 18 82 149 68 160 30 159 11
162 20 1454 138 40 250 5 14 40 47 46 62 10 82 37 41 98 69 79 3 87 50 75 98 95 45 54 91 61 127 12 136 48 146 21 69 50 246 40 1 24 103 26
163 20 1940 227 27 156 93 71 30 120 25 161 60 214 9 104 94 32 92 189 7 131 29 36 55 232 75 188 87 35 94 116 93 55 74 92 49 91 50 168 73 7 84
164 20 1925 92 17 222 17 48 92 195 2 54 58 26 29 220 28 56 29 21 30 123 61 207 88 180 27 209 58 53 94 146 72 40 8 166 54 199 90 91 5 59 19
165 20 1349 20 20 165 83 141 59 30 48 9 61 96 13 44 79 80 57 4 96 150 23 60 82 58 5 24 19 206 16 116 12 87 63 180 4 79 48 3 7 135 98
166 20 2025 51 75 214 91 166 65 4 21 150 40 182 21 10 77 200 13 25 98 23 25 142 37 223 7 124 19 193 82 184 58 22 31 154 1 126 3 171 47 168 37
167 20 1844 218 29 18 38 43 30 77 90 80 98 137 92 128 58 163 75 102 94 93 55 63 32 160 4 88 9 64 63 188 36 165 15 131 1 237 99 58 14 92 93
168 20 1840 191 80 197 76 10 14 246 1 128 8 171 64 13 95 5 45 45 92 245 89 80 57 128 57 144 23 130 51 23 98 116 24 125 78 8 34 58 37 238 81
169 20 2073 112 99 162 15 29 56 102 69 15 65 164 32 28 50 237 23 121 29 132 72 205 78 221 99 217 44 110 94 11 78 236 25 134 59 51 34 130 63 175 33
170 20 1808 88 9 8 69 248 49 238 65 46 3 237 16 66 64 127 92 9 92 117 39 233 7 200 7 6 23 150 41 93 17 100 6 143 45 49 22 40 17 62 88
171 20 1868 110 25 225 96 94 11 36 95 74 14 102 81 214 61 78 61 52 10 71 80 69 7 203 71 32 45 97 37 179 63 248 46 99 1 150 86 195 65 7 73
172 20 2042 106 26 62 63 19 47 73 97 235 86 97 53 249 93 61 94 27 98 130 12 113 71 32 63 65 83 203 36 138 24 209 10 146 47 169 62 170 41 249 11
173 20 1739 11 36 95 21 188 66 169 44 122 88 77 13 139 87 118 82 109 9 37 33 106 10 112 70 52 55 65 79 19 42 227 48 9 74 85 16 239 51 195 64
174 20 1928 6 8 41 76 40 48 216 54 27 80 140 81 165 95 36 52 163 6 185 44 233 28 76 39 213 68 133 19 67 49 214 14 235 57 24 51 116 42 80 100
175 20 1756 53 29 30 75 214 20 175 25 227 59 37 64 94 58 104 11 35 100 64 57 64 51 207 17 175 99 132 82 45 34 4 24 160 53 158 26 118 67 99 2
176 20 2121 208 26 133 50 48 1 186 25 249 5 99 52 158 38 36 36 194 40 61 87 184 62 129 86 39 68 30 60 230 65 153 45 112 48 209 72 10 99 184 64
177 20 1744 109 48 213 22 50 35 140 70 89 36 121 62 175 20 56 89 18 95 6 96 174 98 16 17 125 2 73 28 77 46 164 35 51 31 104 80 203 56 216 44
178 20 1815 128 68 209 37 140 80 5 65 70 66 32 94 9 33 78 73 137 38 209 73 87 41 168 20 247 73 66 81 167 13 237 23 47 28 85 44 92 60 56 12
179 20 1742 225 94 23 54 51 98 72 90 3 43 198 71 12 28 91 58 186 31 169 86 97 46 102 13 4 29 241 15 58 4 86 43 85 24 120 10 134 63 221 23
180 20 2205 115 54 89 40 130 9 211 19 170 79 175 37 214 16 22 56 201 4 230 66 80 76 212 38 146 17 13 71 134 53 155 55 54 25 54 39 249 58 103 74
181 20 2075 64 16 150 78 20 34 175 99 138 73 205 19 64 53 245 74 182 98 73 51 96 50 123 86 3 60 192 35 130 31 52 48 107 73 218 17 216 86 141 93
182 20 2116 127 49 45 13 146 75 231 38 62 64 27 93 175 21 152 89 26 86 186 54 245 36 239 32 223 6 102 39 123 50 73 91 30 98 7 99 205 68 222 60
183 20 1850 187 23 73 100 66 97 248 11 210 32 133 55 67 17 211 11 8 93 1 4 34 75 56 71 129 75 117 32 149 31 247 25 168 7 12 91 59 62 138 27
184 20 2108 52 86 49 24 32 89 6 21 185 100 80 20 193 39 101 52 179 63 235 41 98 83 99 35 69 7 215 46 54 80 213 84 219 25 175 15 240 82 142 51
185 20 2416 225 52 44 50 41 29 20 20 219 60 229 59 28 88 204 80 51 31 240 52 197 13 200 47 172 63 248 16 14 51 133 23 60 38 219 26 248 48 229 7
186 20 1697 128 16 37 63 28 58 217 24 101 24 13 35 150 53 187 10 48 33 155 46 179 97 18 15 9 28 30 41 37 44 125 91 40 38 192 35 193 76 235 97
187 20 1837 68 74 148 33 106 6 244 31 202 53 163 81 68 79 173 24 141 39 125 28 34 17 10 18 167 40 31 26 42 47 83 11 12 48 145 93 223 21 112 83
188 20 1976 102 48 164 67 183 69 175 12 35 32 140 56 133 86 239 5 123 63 14 83 188 75 34 8 150 4 32 1 164 1 189 46 183 23 158 36 7 77 57 87
189 20 2077 146 9 2 73 225 61 12 1 57 11 12 22 60 44 246 57 78 54 124 80 101 78 92 85 224 14 198 68 166 90 239 16 177 13 49 50 207 94 182 11
190 20 1830 29 93 64 89 33 23 34 63 146 34 14 4 80 83 137 34 219 93 184 99 176 82 216 97 102 6 156 67 45 30 132 85 172 17 23 88 94 8 232 29
191 20 2035 25 42 148 10 70 9 78 71 237 37 65 76 181 89 202 100 168 43 44 76 81 89 179 7 240 72 227 52 134 22 99 52 1 56 138 2 133 85 94 76
192 20 2100 131 45 166 4 188 85 198 83 146 82 116 57 7 70 168 7 145 22 176 63 138 62 106 62 61 63 54 6 77 71 4 89 238 24 104 55 168 55 234 38
193 20 1688 149 33 52 21 5 46 123 43 181 86 157 2 118 71 74 31 15 16 65 73 244 30 139 4 205 92 19 5 161 70 73 72 82 72 46 89 123 66 79 28
194 20 2062 181 4 109 18 90 58 7 94 6 25 234 48 230 41 137 34 86 27 196 66 76 33 97 74 59 20 191 63 162 88 165 25 188 54 133 30 88 92 143 65
195 20 1841 38 4 142 27 205 97 71 45 176 33 9 62 163 63 153 20 81 32 75 88 75 58 133 36 167 64 144 83 79 19 173 16 222 91 84 49 110 3 2 46
196 20 1686 213 47 178 16 7 5 170 68 65 54 112 14 95 73 145 41 31 65 199 65 5 52 87 28 7 19 29 19 122 50 110 5 80 25 238 5 142 68 73 6
197 20 2136 133 25 128 40 87 4 194 19 73 40 132 21 203 27 122 9 114 58 127 17 85 43 214 42 84 59 140 100 7 20 209 50 230 11 120 94 208 29 61 82
198 20 1821 43 74 31 26 78 38 165 49 42 18 37 28 64 63 48 34 89 27 119 48 105 24 139 71 111 46 241 66 174 71 239 45 227 10 158 65 107 89 60 1
199 20 2108 105 66 193 35 105 8 12 63 229 38 207 53 156 27 27 82 143 91 226 47 1 70 148 24 224 65 139 95 183 67 33 27 234 28 175 60 65 71 31 39
200 20 2396 55 89 237 27 168 1 249 91 235 13 77 43 243 1 39 77 195 25 222 77 231 16 152 49 44 63 150 68 34 45 228 45 46 3 136 57 249 7 6 45
201 20 2015 78 13 30 59 62 41 172 84 44 53 110 18 2 81 185 85 67 45 195 44 220 69 139 23 67 64 241 67 72 55 127 79 229 79 35 8 201 97 243 12
202 20 1750 90 95 55 7 219 20 141 79 97 99 241 4 101 14 188 76 118 84 10 84 129 73 1 91 40 11 214 27 64 95 10 96 75 31 106 69 162 41 127 81
203 20 2227 207 59 171 83 28 92 225 30 23 83 76 54 163 34 186 44 169 92 121 22 226 16 121 88 20 75 55 16 242 32 189 89 224 64 40 61 136 82 162 49
204 20 1581 163 24 41 87 12 59 102 57 196 82 105 50 39 89 155 11 140 29 110 74 28 88 82 53 132 85 13 34 168 44 100 56 149 22 46 13 87 91 109 59
205 20 2062 200 90 236 63 35 50 19 23 87 28 14 17 105 65 97 74 144 86 167 73 103 5 206 55 92 32 165 42 227 31 37 11 98 67 203 47 176 36 167 60
206 20 2260 25 23 151 35 163 66 166 73 119 46 205 40 221 82 96 24 106 94 142 16 146 71 174 13 242 8 163 99 237 93 120 92 78 41 131 92 66 30 75 65
207 20 2130 36 32 227 85 164 93 248 37 112 34 44 14 228 63 49 93 217 99 192 74 44 16 28 59 209 81 88 47 122 9 245 74 30 55 142 84 218 55 20 40
208 20 1851 242 65 171 4 12 66 119 9 174 81 34 70 193 90 189 3 66 88 39 89 202 12 93 56 117 46 67 3 68 18 221 33 160 27 100 28 10 46 37 87
209 20 1547 75 48 105 11 17 58 81 86 59 88 32 74 26 1 57 47 43 35 125 71 161 55 171 62 183 88 108 89 196 55 133 41 46 57 2 13 238 67 76 97
210 20 1873 201 64 184 46 94 44 151 92 161 17 167 42 11 59 85 79 195 12 67 61 116 45 106 48 99 76 30 45 36 94 152 91 250 7 156 97 64 6 17 15
211 20 1872 82 69 101 4 74 90 243 99 237 100 122 58 73 21 109 97 174 65 223 65 39 60 204 29 6 78 55 98 86 65 106 71 166 72 175 8 33 11 33 93
212 20 1508 135 66 175 30 125 3 84 98 129 96 148 63 80 78 29 23 146 85 21 20 218 26 180 5 76 16 77 91 15 46 130 28 1 93 2 11 68 29 47 65
213 20 2297 73 68 93 75 140 22 240 59 171 29 147 62 183 8 214 55 104 88 47 81 164 65 249 35 149 86 13 61 226 18 16 81 43 38 248 48 111 46 241 52
214 20 2216 81 93 107 6 143 91 197 72 172 70 145 47 41 72 106 83 126 38 142 8 175 22 173 3 144 76 57 32 65 68 143 8 244 25 157 64 173 75 179 74
215 20 2135 75 33 83 62 242 12 205 28 5 69 60 27 186 40 210 79 81 65 220 67 238 36 97 18 78 94 189 73 113 39 105 53 42 35 228 26 150 51 62 73
216 20 2108 234 100 161 30 182 61 96 80 8 98 49 81 35 32 171 60 112 24 193 33 127 50 240 24 163 98 140 50 203 82 156 19 17 25 116 49 184 96 49 29
217 20 2196 217 27 163 86 168 87 127 61 136 4 134 96 155 42 154 39 22 86 196 45 5 32 218 50 111 38 197 50 96 29 153 57 123 44 220 19 64 82 86 94
218 20 1894 137 9 171 36 219 90 77 28 74 74 187 70 135 6 75 28 88 31 5 97 26 40 196 14 59 12 91 95 152 93 170 81 206 34 217 27 14 69 69 82
219 20 2113 148 56 163 7 166 88 38 46 231 52 112 82 185 74 14 42 246 26 225 36 154 32 76 84 76 32 144 87 244 38 10 93 43 91 152 55 96 57 119 82
220 20 1970 51 77 233 66 82 9 224 18 40 55 163 94 56 82 236 87 89 46 16 93 162 96 120 80 109 67 147 65 115 25 189 68 112 38 226 71 76 18 17 47
221 20 2120 240 71 162 11 84 23 153 69 59 98 178 13 22 1 131 38 14 52 167 1 83 99 43 26 242 56 175 34 65 87 167 98 188 36 64 50 239 14 175 1
222 20 2065 185 6 27 97 25 60 122 60 250 24 32 32 200 33 67 54 220 31 70 10 162 36 201 30 67 69 222 53 92 64 214 94 43 58 49 97 107 66 227 60
223 20 1958 146 9 15 68 96 92 182 77 163 90 157 23 20 18 236 20 134 73 47 57 217 79 53 28 175 80 170 57 92 62 170 6 152 4 51 8 111 98 61 43
224 20 1860 177 26 65 12 59 33 164 49 143 8 223 81 60 21 113 68 57 51 151 29 127 15 233 65 122 48 98 80 28 92 21 32 6 80 197 3 224 38 57 23
225 20 2207 133 2 36 92 33 44 208 61 135 78 169 72 124 67 191 32 76 46 123 11 170 93 175 85 31 63 134 73 91 68 241 12 187 45 172 85 112 24 218 84
226 20 2201 136 53 42 42 232 92 105 8 138 70 49 71 17 61 133 3 227 22 188 44 65 63 178 65 138 41 247 46 187 58 138 21 11 68 194 66 126 49 201 74
227 20 2044 78 24 49 55 124 11 197 3 106 38 22 12 129 68 248 13 53 11 218 33 120 89 216 26 224 24 224 9 109 51 36 97 154 16 25 93 155 59 68 22
228 20 1677 53 24 156 31 199 15 55 86 35 8 138 46 79 50 166 60 83 33 137 79 4 67 1 45 152 42 55 54 249 57 223 45 21 86 143 67 91 17 57 18
229 20 2187 114 12 199 45 76 10 166 17 103 86 233 54 242 16 123 48 63 77 151 98 140 69 87 38 65 77 164 79 63 21 190 90 243 6 6 59 118 90 188 29
230 20 2282 198 11 229 24 64 4 107 57 57 50 210 73 85 16 211 86 163 13 223 47 61 18 64 10 202 72 107 39 219 51 208 37 59 80 41 100 147 2 198 9
231 20 2244 48 54 203 56 154 71 176 69 201 12 159 89 217 29 235 11 212 25 208 95 225 83 239 44 50 7 83 49 52 27 17 24 129 3 159 88 34 48 4 44
232 20 1956 200 53 100 70 55 78 104 98 43 58 81 55 66 39 222 38 10 12 243 46 219 84 102 48 156 53 53 81 111 18 211 17 174 36 199 66 29 32 68 1
233 20 2471 49 77 110 1 183 84 211 48 240 10 220 46 58 95 247 17 235 48 184 68 56 26 89 74 147 64 177 24 175 99 241 57 129 2 248 1 21 32 69 21
234 20 1856 19 1 136 66 7 36 37 44 27 78 188 66 61 98 216 21 225 48 82 4 31 69 244 57 64 52 130 91 201 52 177 56 100 3 199 25 6 65 170 67
235 20 2110 13 44 120 3 35 56 208 31 104 81 80 1 216 13 242 29 177 85 245 30 37 59 151 92 183 12 15 13 153 14 130 12 181 84 75 48 99 82 174 87
236 20 1616 20 18 174 72 89 18 142 53 119 97 220 54 1 35 74 94 95 59 224 87 20 28 117 69 5 88 106 48 24 95 34 18 102 61 213 59 115 61 127 14
237 20 1868 72 30 246 88 73 23 215 15 195 21 12 93 109 80 29 53 104 59 66 93 245 76 183 63 81 20 5 80 50 14 237 34 54 82 210 51 52 77 98 71
238 20 2199 3 16 139 65 127 6 50 3 229 93 91 5 67 34 216 37 226 90 241 22 72 34 153 58 52 22 138 4 219 17 132 3 87 49 191 60 99 3 217 28
239 20 1502 171 82 167 92 70 7 90 70 84 2 25 4 128 4 120 81 26 70 80 66 49 44 76 49 226 54 83 83 185 87 39 88 120 92 53 73 11 91 75 46
240 20 1736 31 39 194 17 159 86 98 4 75 56 20 62 159 62 24 4 47 35 51 43 139 52 7 87 183 79 239 11 97 96 59 48 13 29 211 81 146 32 218 81
241 20 2322 126 91 237 71 191 65 163 51 74 78 186 88 141 15 148 33 111 42 183 11 4 56 101 94 88 3 180 23 247 13 85 93 6 43 243 10 146 10 243 42
242 20 1760 14 55 37 26 72 14 144 81 59 73 197 40 13 32 215 95 149 40 169 74 112 19 171 69 161 36 106 88 144 41 16 39 33 48 244 8 107 93 38 98
243 20 1948 126 11 154 36 181 41 111 84 87 9 200 76 116 47 166 68 250 27 106 81 23 26 1 62 107 35 79 78 205 47 19 77 198 14 48 86 132 63 127 48
244 20 1866 92 47 45 83 65 75 178 43 41 81 83 10 13 81 10 38 214 42 123 10 218 62 218 54 161 15 57 27 21 5 109 9 210 25 103 54 226 75 146 7
245 20 1711 11 92 154 56 73 37 243 66 144 74 56 30 124 38 21 69 175 20 86 58 114 54 111 93 128 57 69 100 29 49 147 85 10 74 188 10 102 6 154 96
246 20 1977 115 95 204 15 129 19 195 31 21 25 110 47 54 52 190 11 2 44 53 48 194 31 111 75 171 73 87 97 80 73 136 20 118 29 185 34 67 34 250 60
247 20 2293 24 71 88 44 200 68 52 81 162 94 20 89 236 4 241 21 145 84 120 3 247 2 28 92 214 89 248 38 209 26 164 2 58 73 98 27 132 87 181 10
248 20 2192 224 84 74 38 116 28 150 61 198 19 115 72 179 57 246 10 70 49 11 27 135 12 154 58 66 3 56 58 73 69 182 90 117 12 163 45 172 98 240 89
249 20 1703 67 68 62 24 70 5 14 78 146 89 72 83 98 99 120 10 222 51 160 51 74 25 54 71 223 87 66 30 28 47 18 49 4 53 239 45 188 40 204 42
250 20 2191 112 73 146 20 240 83 45 88 185 26 150 89 68 48 172 3 108 4 207 60 123 25 97 49 98 58 133 85 140 94 155 36 191 11 205 80 12 3 152 58
