1 20 795 15 18 72 77 26 75 35 39 19 24 78 22 25 90 96 53 31 64 9 98 97 65 61 83 61 74 42 47 87 66 50 48 36 59 33 35 98 19 23 34
2 20 798 76 79 27 85 12 29 38 41 99 24 10 79 90 53 63 67 45 85 79 70 11 5 90 42 80 8 15 71 29 1 58 39 1 11 81 37 38 98 56 43
3 20 776 78 30 13 24 57 58 85 83 6 78 80 17 83 71 58 36 48 88 76 64 24 81 36 69 16 86 5 81 26 14 22 85 54 20 66 52 44 38 94 17
4 20 976 69 17 69 67 57 83 98 12 36 8 36 88 49 82 61 34 21 30 78 55 75 87 83 13 10 93 64 17 87 3 58 66 96 41 90 1 8 53 76 20
5 20 619 10 6 54 34 81 32 10 86 65 51 8 18 31 19 19 1 38 97 25 20 2 64 27 72 54 88 30 40 53 26 83 61 50 64 69 18 10 95 55 53
6 20 924 72 71 87 98 76 83 40 58 84 3 3 56 41 78 74 91 19 73 58 75 4 42 87 51 37 76 82 28 55 1 84 93 98 59 52 27 68 1 34 91
7 20 696 1 94 94 91 71 43 25 36 82 95 80 66 2 69 55 67 64 90 51 62 40 11 12 33 16 92 1 52 59 68 97 77 82 5 16 99 16 47 7 92
8 20 738 87 40 36 66 91 61 78 6 29 15 65 53 18 65 76 15 34 11 26 27 48 89 6 97 42 70 42 71 39 6 54 84 97 57 35 32 2 82 18 35
9 20 771 8 38 86 23 26 18 97 44 36 51 3 27 10 68 47 88 59 62 55 88 22 11 55 98 91 19 64 50 7 58 84 60 55 36 39 5 54 41 66 96
10 20 860 49 24 96 98 74 22 35 19 32 20 64 59 53 66 84 44 40 56 72 41 59 89 26 84 66 85 47 65 98 29 64 58 51 30 29 98 31 40 6 50
11 20 879 54 33 83 45 13 70 59 94 22 78 57 22 35 15 96 34 92 85 77 64 60 66 73 95 90 90 7 92 37 63 8 79 66 80 55 60 60 71 55 3
12 20 919 38 99 84 31 22 90 53 61 6 93 92 63 53 27 42 28 85 50 41 93 20 66 11 14 100 72 15 73 100 94 65 75 62 13 67 5 100 89 93 56
13 20 1073 46 90 76 14 80 6 68 35 100 26 90 69 41 32 86 19 26 6 69 27 8 85 85 87 71 71 85 92 23 77 82 8 88 35 85 100 40 68 93 16
14 20 1012 49 12 90 26 86 54 80 56 21 99 75 14 87 53 58 50 98 89 7 52 50 34 75 48 77 48 91 50 79 96 26 5 48 7 51 1 41 12 77 13
15 20 1086 66 1 70 4 43 90 97 95 70 93 97 69 71 3 34 5 89 14 70 70 78 35 85 30 43 93 64 48 76 35 52 98 6 54 76 51 83 60 88 40
16 20 873 62 73 67 95 11 44 94 73 59 68 18 22 68 14 76 91 28 42 69 31 61 41 34 35 27 21 65 64 83 85 3 59 86 63 32 48 69 89 80 26
17 20 721 12 33 43 32 49 97 38 13 69 41 14 63 44 8 17 30 33 99 25 14 16 72 58 43 53 45 32 38 92 56 98 28 27 32 52 14 32 87 98 95
18 20 734 84 10 41 80 31 39 42 46 19 19 17 72 55 83 73 39 74 19 12 12 28 50 2 68 78 85 24 6 50 61 20 89 81 60 52 53 48 32 87 80
19 20 873 49 59 95 19 32 10 42 87 68 49 25 21 85 9 49 70 72 4 15 59 72 68 13 70 56 80 30 9 36 2 81 99 34 26 64 12 89 93 85 26
20 20 931 41 56 7 74 39 24 58 15 34 40 98 96 68 56 53 98 85 6 67 32 85 43 70 28 20 17 75 53 85 2 65 51 84 97 37 12 87 75 6 2
21 20 888 22 48 94 42 70 54 67 9 23 3 66 61 96 15 57 38 60 16 51 84 67 44 11 14 14 46 12 16 80 27 87 5 81 54 53 40 59 44 41 31
22 20 894 39 17 89 1 39 68 88 49 89 48 17 2 91 1 53 25 54 44 31 20 90 28 30 69 52 2 35 83 89 80 5 53 17 94 76 91 62 83 72 60
23 20 888 5 34 13 10 79 38 30 30 35 21 56 89 48 81 88 7 71 94 61 74 91 86 76 62 92 37 72 33 68 19 54 26 61 54 30 50 62 74 19 29
24 20 940 94 9 82 37 28 76 66 68 39 73 52 34 56 43 47 72 37 89 100 60 99 7 51 91 44 31 46 69 56 38 92 49 54 59 1 4 45 82 86 55
25 20 724 24 37 91 89 13 86 66 11 63 40 4 34 79 42 45 97 85 33 88 46 13 61 65 97 13 61 5 17 15 1 53 91 63 2 3 94 85 74 33 9
26 20 808 7 48 20 91 94 85 84 7 41 77 47 48 40 5 96 98 44 17 93 71 13 83 81 22 56 100 50 7 24 71 46 86 37 35 66 44 26 54 46 42
27 20 915 100 85 29 43 78 22 30 44 31 49 96 98 59 73 32 82 48 42 56 4 93 60 43 81 44 19 56 77 73 16 87 60 20 42 6 31 93 45 70 26
28 20 848 49 98 57 4 70 1 11 13 77 19 61 15 79 53 82 78 50 23 17 98 88 10 67 13 93 8 51 95 55 51 31 77 38 89 49 9 3 10 33 40
29 20 884 59 71 4 43 85 6 32 49 76 82 42 90 65 63 41 11 77 1 67 8 75 49 36 84 51 18 91 19 12 86 73 40 87 74 3 71 48 90 81 90
30 20 630 10 80 25 83 36 15 64 45 59 63 5 13 81 10 18 41 4 64 34 98 4 85 82 38 47 13 76 93 62 15 17 42 51 11 11 55 33 76 69 79
31 20 868 68 9 95 85 54 81 95 22 2 51 49 89 77 90 16 89 89 44 71 87 30 48 19 10 73 74 99 75 53 44 76 12 87 7 11 59 2 51 19 43
32 20 943 74 4 19 94 98 31 32 63 54 48 35 96 84 95 26 85 50 98 31 28 75 18 40 49 77 29 100 98 37 5 94 39 58 75 40 7 100 39 55 64
33 20 851 93 82 99 57 79 46 71 26 69 63 81 24 9 65 30 12 40 63 2 10 49 47 58 49 51 28 69 15 62 11 20 45 11 60 39 75 84 96 48 75
34 20 723 63 54 48 93 77 10 29 36 3 42 43 50 77 12 31 4 66 38 92 88 7 38 1 12 69 54 34 34 8 28 68 67 23 40 82 58 37 65 46 27
35 20 623 32 22 74 11 22 64 21 14 28 78 86 32 77 67 5 90 4 2 3 52 23 49 28 12 84 16 9 46 63 45 2 67 43 98 59 14 44 29 72 74
36 20 923 19 10 37 20 96 46 93 54 62 12 55 59 37 7 41 50 46 35 9 61 72 46 92 99 49 87 52 60 79 13 67 66 72 3 88 23 72 94 16 66
37 20 694 16 5 58 95 3 80 43 21 94 77 75 20 49 95 10 41 85 40 30 72 43 61 31 13 77 39 62 9 21 19 7 41 97 76 65 10 1 3 1 39
38 20 699 69 11 61 22 33 98 34 3 20 20 23 37 39 51 6 70 14 41 72 60 55 7 97 75 96 17 11 33 29 90 28 70 48 87 33 41 97 68 9 83
39 20 772 9 55 40 12 78 34 81 35 1 35 69 86 83 6 67 20 30 25 34 86 32 33 25 96 6 23 18 68 58 50 40 87 71 25 85 72 52 72 86 95
40 20 839 86 98 9 100 81 51 87 9 89 90 19 58 41 90 64 60 56 74 15 52 89 44 42 59 98 52 41 51 21 12 39 9 84 82 17 64 26 13 45 11
41 20 874 96 77 89 73 45 85 22 61 92 32 35 46 56 2 79 34 31 30 61 73 86 96 37 94 73 54 33 18 52 24 95 71 28 87 33 70 25 49 25 21
42 20 913 84 91 1 99 32 86 29 77 85 73 100 74 40 17 2 28 42 80 75 4 97 80 67 97 88 22 99 96 75 79 47 23 4 96 97 31 46 75 32 54
43 20 829 94 63 69 86 86 45 2 86 48 48 29 4 71 1 77 32 25 6 16 28 40 4 96 83 64 45 66 1 83 66 46 94 36 1 46 70 11 56 32 97
44 20 865 38 34 79 54 57 42 30 32 5 12 93 81 56 41 81 95 44 72 16 56 63 88 48 43 84 95 59 72 74 88 12 17 18 49 91 69 55 24 79 1
45 20 817 15 47 53 73 66 71 59 1 7 33 52 76 42 23 95 98 89 68 48 56 96 82 50 49 56 52 40 56 96 15 9 62 21 81 57 28 49 86 22 70
46 20 823 75 99 25 73 98 1 43 33 77 26 38 15 14 5 57 48 15 34 48 38 3 94 93 13 24 83 98 50 56 59 65 69 74 55 2 50 38 47 86 82
47 20 965 43 91 87 35 70 79 73 87 25 91 84 81 46 85 23 90 61 98 58 41 81 17 16 69 67 7 93 74 77 93 100 30 11 25 79 69 57 53 56 85
48 20 1032 58 31 100 4 24 28 66 100 100 8 100 78 70 13 45 72 48 58 84 58 78 29 53 88 90 55 71 55 59 48 79 55 72 44 8 93 36 39 49 68
49 20 839 53 70 69 50 88 79 79 78 32 97 44 12 43 46 3 63 40 58 86 11 62 30 79 35 86 15 32 27 9 36 81 77 8 91 49 21 75 72 31 3
50 20 960 34 84 39 24 100 48 72 35 47 10 92 9 24 20 94 69 32 96 100 1 31 18 68 48 66 32 47 52 42 78 73 12 70 80 57 38 83 16 30 10
51 20 790 66 43 97 90 6 15 83 22 36 30 69 91 15 37 63 94 50 10 30 4 82 56 53 78 49 7 40 19 50 63 19 34 7 39 37 61 93 51 43 28
52 20 690 41 78 17 36 12 11 42 11 4 89 63 41 69 65 55 4 89 43 69 77 59 16 6 56 54 13 1 57 16 74 26 29 24 57 97 19 77 27 42 21
53 20 869 70 73 79 70 68 70 1 2 62 17 18 57 26 38 81 61 75 10 98 51 21 72 33 36 85 10 64 18 81 12 23 63 65 38 85 98 21 39 31 16
54 20 727 43 83 21 24 72 61 30 83 88 94 81 72 53 37 43 1 82 17 78 96 22 27 24 16 32 19 1 11 25 14 27 8 84 3 41 7 5 92 57 68
55 20 904 88 42 92 26 22 71 36 61 4 5 66 86 51 25 88 79 59 72 95 63 44 31 36 87 94 21 41 90 49 16 83 50 9 63 38 87 48 88 88 65
56 20 668 32 65 20 11 90 50 34 8 12 77 20 16 52 4 68 72 20 93 33 13 76 35 41 73 19 71 3 8 95 53 94 69 15 5 40 94 43 54 29 15
57 20 782 40 99 50 92 65 9 98 42 44 2 40 49 89 75 28 31 65 74 56 12 39 93 34 95 29 96 36 45 29 75 100 84 44 71 68 88 8 1 16 97
58 20 760 48 51 28 50 73 99 31 21 99 52 68 74 77 22 31 14 20 71 38 20 65 69 60 41 91 59 33 88 74 52 87 18 13 32 5 48 5 99 4 13
59 20 831 29 31 90 24 5 32 88 66 25 67 84 29 60 59 26 65 24 77 91 69 84 43 51 26 58 20 60 42 64 64 12 69 78 43 44 20 44 80 22 11
60 20 930 31 72 69 22 72 54 49 14 87 79 45 60 15 73 66 95 67 53 5 57 62 48 4 86 63 94 70 89 67 50 88 63 97 17 75 56 96 53 35 1
61 20 690 13 45 55 57 8 28 44 89 36 54 86 18 86 64 36 26 23 11 43 31 6 65 51 96 17 36 54 99 84 13 16 28 35 32 47 6 40 30 83 13
62 20 665 8 55 55 48 88 29 11 80 82 47 1 87 43 43 51 23 10 57 70 16 79 80 57 52 41 72 20 5 44 21 37 81 54 78 33 86 4 5 44 10
63 20 861 44 7 77 82 88 63 65 15 3 38 85 74 95 6 81 9 6 100 25 70 85 18 78 50 32 24 26 2 33 27 64 34 95 71 12 61 26 24 57 36
64 20 872 72 51 85 93 30 76 53 29 93 34 78 81 45 86 78 44 80 14 43 86 46 29 14 45 36 22 55 9 85 52 1 86 16 72 81 77 14 72 86 43
65 20 803 11 14 39 3 82 54 64 61 51 64 18 47 37 8 37 93 94 37 46 38 76 21 50 94 74 3 1 65 36 59 48 93 52 60 73 11 77 74 38 40
66 20 912 84 67 9 74 7 31 14 59 57 88 28 76 79 54 92 61 13 65 81 12 36 88 28 94 100 54 93 29 92 85 31 83 31 29 92 51 84 71 90 63
67 20 805 3 24 30 56 51 16 12 34 68 27 4 24 96 64 60 94 68 26 66 33 17 90 65 72 19 94 84 2 84 41 84 99 98 17 42 41 16 2 40 6
68 20 940 76 61 21 90 43 3 65 57 78 15 65 81 98 24 76 31 45 64 64 82 48 70 16 58 28 39 70 19 87 78 53 52 38 57 98 67 17 10 89 74
69 20 775 1 91 85 51 100 40 23 71 26 91 38 25 22 40 28 84 61 23 26 67 55 57 35 75 57 35 62 40 36 32 46 12 97 5 90 39 17 82 64 6
70 20 823 65 97 24 5 37 37 86 87 50 66 79 68 27 42 81 40 98 5 70 48 53 90 15 76 57 42 53 33 11 68 84 66 39 23 19 94 38 44 43 15
71 20 789 37 36 59 10 99 72 1 3 89 66 15 76 67 97 4 49 14 61 60 69 36 24 69 5 36 98 95 28 68 43 82 29 63 68 12 99 9 46 72 60
72 20 891 58 72 87 47 90 19 4 62 22 74 37 86 68 34 57 88 84 1 66 52 29 40 99 96 47 11 31 37 2 32 75 26 60 13 92 100 65 8 41 6
73 20 756 69 66 62 91 64 87 20 88 80 48 51 78 13 5 14 2 50 99 61 15 71 46 22 41 57 89 62 25 46 23 23 85 18 43 75 6 57 28 30 57
74 20 856 50 18 49 97 69 48 97 19 48 40 18 97 94 32 90 5 26 99 87 87 89 71 18 18 23 65 82 32 60 23 2 47 96 4 7 21 45 94 20 52
75 20 652 27 51 28 88 56 80 25 17 52 80 55 8 54 14 73 73 14 91 25 89 26 60 38 92 56 66 3 2 6 72 5 11 51 85 88 98 73 90 61 70
76 20 695 13 66 69 46 9 36 14 55 1 4 86 56 2 76 4 71 79 48 64 96 58 8 5 4 58 32 15 55 95 29 33 95 81 50 43 45 70 67 70 98
77 20 931 89 1 87 72 53 100 41 48 34 15 91 15 35 26 86 96 59 71 9 26 92 2 52 70 47 52 50 81 3 39 99 78 89 79 64 88 69 97 15 72
78 20 842 59 7 16 40 89 19 44 70 93 43 5 32 4 52 34 28 77 41 59 95 27 67 40 6 50 39 96 24 37 89 58 16 96 46 40 60 47 42 82 16
79 20 712 7 93 44 26 57 65 21 68 62 70 23 66 7 48 50 10 22 12 20 64 93 62 72 9 28 56 25 34 66 82 54 2 68 60 56 11 64 43 52 18
80 20 802 98 14 44 9 37 25 30 72 43 69 59 3 24 9 56 29 85 33 95 3 8 53 17 59 60 96 91 48 80 68 12 35 46 96 90 89 17 89 11 31
81 20 981 97 47 70 46 90 14 76 99 84 11 17 74 96 71 65 74 72 6 43 56 3 16 50 60 72 65 64 68 93 100 48 4 54 74 29 28 93 2 11 82
82 20 757 25 3 52 70 20 31 60 71 48 76 49 87 36 7 84 95 2 58 91 94 97 53 100 96 45 24 9 84 19 59 41 5 37 47 35 47 26 89 71 97
83 20 836 48 69 96 37 19 2 63 36 58 24 17 53 78 40 3 82 4 58 66 77 2 44 1 74 69 43 96 70 70 27 97 20 93 48 86 34 39 53 41 68
84 20 784 12 75 21 78 82 67 6 87 77 2 90 90 20 81 68 90 88 4 22 72 94 34 18 55 8 28 49 85 32 72 26 30 61 74 18 43 92 21 97 45
85 20 789 27 71 28 8 28 44 89 84 96 44 44 11 63 72 68 5 95 76 26 56 70 74 1 10 41 10 45 39 55 13 79 93 19 71 32 41 19 13 62 89
86 20 802 70 18 85 18 95 52 80 30 76 37 69 47 48 83 92 23 57 16 62 49 38 94 2 22 52 88 34 75 7 97 35 71 30 55 36 40 10 90 25 39
87 20 720 33 49 71 7 38 92 86 67 82 94 32 71 47 8 95 24 3 72 3 13 62 25 21 42 3 63 81 18 52 78 47 96 62 50 34 7 19 37 29 41
88 20 885 94 56 12 99 99 41 5 67 56 27 16 78 19 18 40 77 42 38 77 18 60 57 61 34 91 91 48 45 100 8 12 88 33 100 84 7 100 35 58 53
89 20 639 31 3 6 87 100 3 11 57 95 74 44 91 11 40 37 8 2 75 30 67 68 26 9 33 35 40 68 93 7 80 97 68 35 84 47 57 26 37 40 42
90 20 686 15 30 31 74 12 30 62 57 14 69 86 13 88 95 39 98 90 49 33 32 6 56 73 86 1 81 100 100 90 72 45 6 10 84 5 94 3 14 55 14
91 20 717 25 32 19 63 31 34 1 39 67 9 52 89 82 12 73 81 68 10 51 24 64 53 2 33 16 42 25 38 66 45 44 2 78 10 84 95 24 80 25 47
92 20 910 53 42 3 27 38 76 49 76 60 74 59 56 57 29 91 48 92 4 54 41 17 53 82 74 66 84 3 39 65 6 50 56 93 62 64 67 69 40 73 36
93 20 769 50 14 49 6 65 15 39 9 27 45 76 67 16 84 87 95 21 46 29 16 37 98 52 27 3 5 99 9 68 10 96 25 32 51 16 82 45 5 55 29
94 20 751 16 63 64 13 72 99 6 25 30 78 1 4 22 17 16 79 69 28 55 43 92 19 45 22 5 38 89 97 77 49 26 52 84 7 33 58 96 81 41 1
95 20 770 86 6 14 62 64 53 8 92 21 29 54 19 61 41 29 84 53 63 12 89 13 22 18 43 54 38 19 43 90 39 78 25 89 24 71 82 80 76 49 34
96 20 652 4 96 34 2 25 74 18 73 52 42 47 83 57 65 91 80 19 60 58 6 35 68 88 58 70 92 60 99 10 61 59 36 24 88 27 49 20 33 17 85
97 20 791 38 40 95 83 34 25 87 16 78 100 3 95 100 7 91 61 62 31 53 55 47 93 100 76 37 30 29 26 10 6 55 13 14 6 8 85 38 19 10 37
98 20 729 8 96 49 74 13 80 89 93 28 1 6 77 87 23 41 74 94 85 31 43 82 47 71 52 61 32 93 99 17 46 14 42 3 63 15 20 11 79 99 15
99 20 933 14 17 88 64 85 51 99 100 67 35 93 24 17 45 34 80 35 67 6 34 89 98 40 13 49 19 79 25 7 4 92 17 36 21 95 67 57 76 85 27
100 20 872 47 67 86 57 55 66 71 62 69 44 30 42 93 57 18 26 42 61 81 84 47 42 97 68 38 79 89 33 34 7 4 1 19 40 42 88 93 93 36 52
101 20 518 3 87 93 56 19 41 10 61 1 87 10 61 82 20 9 10 70 43 93 94 17 78 8 91 35 65 8 10 9 61 74 57 7 46 74 48 16 55 10 2
102 20 864 36 13 58 48 24 40 42 54 37 40 84 98 7 64 23 37 85 11 77 17 51 77 15 36 59 81 78 43 95 88 91 15 63 13 49 90 25 28 81 51
103 20 824 37 77 29 37 64 40 99 36 88 92 26 78 29 94 36 53 96 70 96 85 74 53 85 83 20 55 54 40 2 78 46 12 70 72 35 11 9 55 36 36
104 20 988 40 32 73 39 48 36 87 83 4 94 58 28 41 75 32 91 100 68 87 15 65 52 64 35 29 86 61 87 92 18 100 76 56 97 79 98 44 45 75 23
105 20 873 68 60 25 51 86 34 95 45 39 57 33 41 45 86 85 73 77 26 12 49 91 90 47 49 38 20 85 64 24 84 12 20 75 85 42 91 48 80 65 89
106 20 710 52 100 16 91 79 6 5 23 90 81 39 57 81 51 15 64 4 9 53 9 72 80 99 39 29 56 36 7 26 19 18 11 52 12 18 17 70 53 34 75
107 20 635 67 37 88 19 23 15 18 2 10 68 25 80 36 50 38 54 34 32 8 5 72 15 35 26 67 46 33 69 26 42 45 61 38 34 66 25 50 63 15 55
108 20 791 64 1 32 62 30 17 88 7 86 29 44 78 33 58 65 32 59 31 42 49 5 59 64 39 36 3 26 98 39 15 53 35 46 39 71 71 47 9 59 80
109 20 756 62 53 8 2 2 64 93 41 15 73 30 60 83 83 7 65 65 39 25 93 12 26 19 32 13 96 96 84 70 77 55 60 65 52 97 99 28 67 100 68
110 20 688 81 27 73 30 7 80 61 21 34 94 29 34 13 17 8 60 10 8 94 30 12 86 30 30 41 5 45 73 33 28 22 33 91 61 89 35 26 15 61 12
111 20 783 12 24 96 52 12 60 68 60 84 36 26 9 25 23 86 7 22 82 93 41 34 61 75 47 30 89 20 99 86 71 33 99 23 75 23 37 55 4 76 40
112 20 815 6 15 42 24 49 52 37 73 77 86 62 79 86 68 57 5 4 72 39 54 82 15 49 91 3 89 51 81 89 55 57 76 80 53 85 24 5 8 59 100
113 20 849 34 35 48 32 98 94 97 13 20 91 18 3 42 74 23 24 58 1 25 67 89 46 71 17 79 17 20 25 51 48 5 27 45 10 53 45 92 10 94 33
114 20 860 77 86 13 82 41 28 94 80 72 89 77 21 47 34 32 12 52 82 16 7 27 60 74 72 90 74 71 45 88 62 26 28 47 22 17 100 73 30 42 19
115 20 1068 69 10 96 70 33 37 74 34 47 44 72 18 79 48 68 21 74 75 64 54 55 64 34 28 36 45 74 57 94 53 65 37 89 49 72 28 94 16 46 87
116 20 789 95 2 6 90 97 73 69 85 55 4 27 71 13 43 91 74 65 27 58 100 18 75 20 73 82 91 9 49 78 95 76 60 46 40 4 63 62 99 16 79
117 20 705 44 79 38 23 18 60 49 24 61 81 92 60 82 87 60 26 62 72 38 79 4 17 34 51 21 62 41 43 69 73 29 73 16 67 63 92 36 42 25 27
118 20 887 33 90 36 52 62 91 32 84 97 48 27 54 96 38 1 40 77 67 93 90 98 83 27 32 100 20 67 30 51 1 16 99 49 21 33 12 33 70 81 41
119 20 843 66 23 33 35 56 43 14 100 100 53 62 81 90 57 81 25 74 49 50 30 18 28 27 23 45 84 62 36 25 81 12 43 59 69 14 84 78 1 88 1
120 20 740 32 87 62 25 92 5 14 25 84 3 14 97 84 47 39 48 54 12 22 99 71 46 16 52 46 75 37 49 28 38 2 23 29 94 34 32 93 55 73 43
121 20 715 36 61 36 87 62 50 76 37 93 51 51 91 17 9 12 92 1 15 93 93 20 58 27 2 64 98 69 89 33 36 20 15 73 76 14 2 12 29 85 10
122 20 830 83 8 3 72 3 53 43 57 82 13 47 31 65 96 68 64 59 9 37 93 5 65 86 88 40 65 62 49 96 91 96 15 27 28 15 81 27 44 94 87
123 20 794 90 65 11 48 10 39 23 8 32 5 46 3 67 73 55 28 23 47 34 30 82 55 87 74 23 64 2 100 74 25 81 33 64 19 47 54 53 59 89 90
124 20 919 75 70 35 4 68 57 98 31 88 21 51 68 92 36 94 17 13 52 58 51 25 41 49 69 27 5 92 85 50 49 66 82 57 29 6 11 48 57 57 25
125 20 867 22 1 76 44 96 59 8 67 31 43 91 60 96 56 58 50 88 17 40 39 33 40 6 37 19 96 91 85 90 95 68 5 62 66 4 81 73 30 32 34
126 20 1010 48 67 69 51 46 23 83 86 33 1 51 84 12 22 9 15 67 39 82 61 70 74 42 58 100 10 96 85 92 93 53 72 84 100 98 3 30 34 98 97
127 20 992 60 94 92 50 98 8 14 35 36 41 66 22 49 43 95 35 96 46 72 29 55 83 42 33 26 48 84 71 91 61 34 80 94 99 89 91 32 56 16 88
128 20 740 85 18 74 22 94 92 42 79 7 67 76 80 25 34 75 5 16 86 35 36 21 28 78 30 43 33 10 91 2 10 86 95 45 9 71 44 10 3 30 35
129 20 766 65 86 20 42 24 66 78 39 81 46 24 18 21 53 9 15 21 53 61 57 33 100 71 96 87 71 56 78 36 7 96 50 91 83 28 60 21 75 35 17
130 20 916 31 63 75 64 13 73 35 90 95 88 35 17 40 29 40 70 91 7 75 13 48 6 82 44 57 58 71 32 37 100 55 25 52 41 96 89 43 25 74 26
131 20 608 85 82 6 22 37 52 47 42 55 26 28 84 6 2 53 43 11 92 99 32 34 41 57 21 33 63 9 20 15 14 30 86 8 92 5 42 75 20 67 70
132 20 984 17 5 45 35 35 74 66 21 7 28 87 17 93 9 85 2 79 3 68 7 93 46 64 59 81 17 1 98 84 30 98 58 63 10 68 37 90 68 7 63
133 20 548 13 19 2 36 68 26 61 11 94 56 27 33 46 29 8 97 41 61 55 36 69 11 24 99 21 49 26 100 8 32 23 64 23 47 25 88 27 92 25 48
134 20 891 68 52 60 97 68 31 15 44 5 39 34 68 31 44 94 38 43 65 77 64 24 87 76 31 82 24 66 38 84 33 96 51 57 66 33 46 97 98 4 37
135 20 897 67 83 26 2 3 26 75 37 81 87 28 31 94 70 58 62 7 74 40 51 95 30 74 89 55 96 76 10 92 34 26 50 52 59 38 82 70 91 65 24
136 20 796 45 61 4 66 1 14 33 87 86 4 12 97 36 22 76 88 82 85 79 39 40 32 85 100 23 50 86 12 84 33 57 55 6 10 90 5 46 53 25 20
137 20 697 98 76 77 2 4 86 16 73 22 45 93 37 13 70 68 24 38 61 61 42 27 41 12 48 50 100 68 55 28 38 49 53 83 13 32 56 21 89 12 31
138 20 736 79 21 24 55 64 61 36 37 69 43 85 63 32 12 23 34 44 93 96 45 72 43 61 69 9 11 99 49 83 10 10 48 30 73 2 30 1 26 1 64
139 20 774 50 87 66 66 15 36 71 11 68 47 21 42 45 86 2 5 3 63 11 14 67 85 41 41 78 16 83 13 39 41 88 91 29 17 90 86 65 29 36 75
140 20 897 4 75 66 1 51 32 31 84 46 81 62 49 6 96 81 6 72 75 59 84 83 100 66 91 41 34 98 42 94 11 23 84 71 9 97 90 7 7 64 53
141 20 776 73 59 20 80 99 1 70 88 64 93 18 69 26 66 1 6 82 75 62 84 93 64 30 4 6 48 10 75 85 91 62 55 22 2 33 57 48 8 66 90
142 20 853 64 82 34 49 69 72 14 76 14 90 31 56 98 10 80 80 68 2 5 87 92 24 72 15 20 91 61 9 88 50 68 34 57 65 66 95 15 43 51 95
143 20 958 90 33 83 14 76 64 60 87 45 46 77 25 49 61 16 78 76 11 82 72 26 34 44 29 47 72 12 46 85 88 87 75 80 37 35 98 97 82 31 80
144 20 1057 84 26 75 8 86 91 11 47 99 71 62 18 84 28 82 100 40 71 94 36 67 65 80 92 48 43 64 79 45 32 5 7 83 6 70 49 68 20 75 17
145 20 780 69 2 3 14 58 39 18 35 91 73 50 21 74 92 38 66 97 66 97 14 59 95 7 58 56 67 52 78 46 71 43 29 72 72 4 10 26 93 16 46
146 20 631 16 94 27 79 37 35 83 58 35 14 25 86 10 70 75 52 91 28 77 4 23 5 11 7 78 47 9 14 12 79 34 73 2 36 11 93 100 77 33 79
147 20 706 62 12 74 18 63 50 33 63 22 24 60 10 26 14 6 56 26 54 79 53 59 28 90 95 18 31 57 65 54 10 20 74 36 70 8 94 19 7 71 71
148 20 764 16 76 42 10 40 96 19 14 11 90 66 33 49 100 52 40 57 14 31 55 36 95 96 9 57 45 72 92 89 45 74 33 24 93 34 51 74 12 17 32
149 20 1064 75 56 85 86 33 79 97 40 45 95 24 70 77 74 58 97 94 17 91 78 95 17 84 45 34 62 63 17 39 88 42 16 81 84 89 7 89 73 35 91
150 20 902 32 71 75 48 66 32 10 67 80 76 69 24 85 28 64 69 8 68 52 16 58 76 27 92 65 75 80 52 88 66 83 42 40 79 98 81 46 73 2 97
151 20 681 5 88 32 36 19 66 14 55 37 82 84 54 70 19 34 41 35 97 92 14 56 74 7 57 17 61 63 91 46 47 82 66 47 30 28 91 61 54 23 6
152 20 965 65 18 74 3 90 98 75 58 61 51 66 90 92 13 59 98 51 56 88 93 58 48 84 3 8 51 19 95 58 30 74 27 51 98 1 44 76 94 57 18
153 20 759 50 97 42 83 100 42 77 39 91 42 22 30 20 100 81 22 9 1 36 10 69 48 41 7 53 79 15 52 22 4 39 80 8 25 84 57 58 30 32 58
154 20 791 1 70 30 73 15 20 95 90 72 33 61 9 49 46 43 94 92 28 59 14 23 23 60 82 86 40 85 1 54 28 27 96 52 80 28 99 11 90 46 61
155 20 988 66 83 72 96 37 1 30 75 61 33 76 100 66 73 41 100 12 76 54 13 31 57 77 40 65 64 91 50 67 63 95 73 78 39 79 99 41 9 96 42
156 20 749 18 37 11 8 69 89 8 24 90 7 10 73 75 72 18 88 42 22 53 4 96 61 40 96 37 27 19 13 35 29 97 87 79 65 67 92 70 59 3 85
157 20 955 60 39 96 12 22 98 97 20 83 80 73 18 80 91 98 29 54 75 71 70 12 43 81 18 97 34 44 4 26 49 40 35 49 27 38 58 29 85 44 90
158 20 854 48 1 15 7 29 26 68 14 74 21 66 14 44 28 22 19 91 99 83 8 27 50 58 8 94 10 71 9 46 57 76 40 45 6 96 47 13 55 2 38
159 20 934 59 81 100 63 66 73 49 86 94 42 74 43 76 4 34 34 66 98 18 62 61 96 38 38 41 24 85 29 29 42 14 3 59 96 84 49 29 39 92 86
160 20 747 17 97 75 98 46 21 4 12 57 40 37 93 31 42 42 70 70 90 2 55 32 21 67 64 90 37 40 41 55 22 54 67 87 67 57 93 25 56 46 57
161 20 840 52 12 53 26 31 36 6 24 28 28 59 48 45 90 88 81 88 55 17 92 78 72 60 53 34 65 64 17 75 35 78 82 7 82 60 68 64 30 64 11
162 20 587 56 40 100 5 6 40 19 46 25 10 33 37 17 98 28 79 1 87 20 75 39 95 18 54 37 61 51 12 55 48 59 21 28 50 99 40 1 24 42 26
163 20 780 91 27 63 93 29 30 48 25 65 60 86 9 42 94 13 92 76 7 53 29 15 55 93 75 75 87 14 94 47 93 22 74 37 49 37 50 67 73 3 84
164 20 776 37 17 89 17 20 92 78 2 22 58 11 29 88 28 23 29 9 30 50 61 83 88 72 27 84 58 22 94 59 72 16 8 67 54 80 90 37 5 24 19
165 20 544 8 20 66 83 57 59 12 48 4 61 39 13 18 79 32 57 2 96 60 23 24 82 24 5 10 19 83 16 47 12 35 63 72 4 32 48 1 7 54 98
166 20 815 21 75 86 91 67 65 2 21 60 40 73 21 4 77 80 13 10 98 9 25 57 37 89 7 50 19 78 82 74 58 9 31 62 1 51 3 69 47 68 37
167 20 740 87 29 7 38 17 30 31 90 32 98 55 92 51 58 66 75 41 94 37 55 25 32 64 4 36 9 26 63 75 36 66 15 53 1 95 99 24 14 37 93
168 20 740 77 80 79 76 4 14 99 1 51 8 69 64 5 95 2 45 18 92 98 89 32 57 52 57 58 23 52 51 10 98 47 24 50 78 4 34 24 37 95 81
169 20 834 45 99 65 15 12 56 41 69 6 65 66 32 12 50 95 23 49 29 53 72 82 78 89 99 87 44 44 94 5 78 95 25 54 59 21 34 52 63 70 33
170 20 728 36 9 4 69 99 49 96 65 19 3 95 16 27 64 51 92 4 92 47 39 94 7 80 7 3 23 60 41 37 17 40 6 57 45 20 22 16 17 25 88
171 20 750 44 25 90 96 38 11 15 95 30 14 41 81 86 61 31 61 21 10 29 80 28 7 81 71 13 45 39 37 72 63 99 46 40 1 60 86 78 65 3 73
172 20 821 43 26 25 63 8 47 29 97 94 86 39 53 100 93 25 94 11 98 52 12 46 71 13 63 26 83 82 36 55 24 84 10 59 47 68 62 68 41 100 11
173 20 700 5 36 38 21 76 66 68 44 49 88 31 13 56 87 48 82 44 9 15 33 43 10 45 70 21 55 26 79 8 42 91 48 4 74 34 16 96 51 78 64
174 20 776 3 8 17 76 16 48 87 54 11 80 56 81 66 95 15 52 65 6 74 44 94 28 31 39 86 68 53 19 27 49 86 14 94 57 10 51 47 42 32 100
175 20 705 22 29 12 75 86 20 70 25 91 59 15 64 38 58 42 11 14 100 26 57 26 51 83 17 70 99 53 82 18 34 2 24 64 53 63 26 47 67 40 2
176 20 852 83 26 53 50 19 1 75 25 100 5 40 52 63 38 15 36 78 40 25 87 74 62 52 86 16 68 12 60 92 65 62 45 45 48 84 72 4 99 74 64
177 20 704 44 48 86 22 20 35 56 70 36 36 49 62 70 20 23 89 8 95 3 96 70 98 7 17 50 2 30 28 31 46 66 35 21 31 42 80 82 56 87 44
178 20 731 52 68 84 37 56 80 2 65 28 66 13 94 4 33 32 73 55 38 84 73 35 41 68 20 99 73 27 81 67 13 95 23 19 28 34 44 37 60 23 12
179 20 703 90 94 9 54 21 98 29 90 2 43 80 71 5 28 37 58 75 31 68 86 39 46 41 13 2 29 97 15 24 4 35 43 34 24 48 10 54 63 89 23
180 20 886 46 54 36 40 52 9 85 19 68 79 70 37 86 16 9 56 81 4 92 66 32 76 85 38 59 17 5 71 54 53 62 55 22 25 22 39 100 58 42 74
181 20 832 26 16 60 78 8 34 70 99 55 73 82 19 26 53 98 74 73 98 30 51 39 50 49 86 1 60 77 35 52 31 21 48 43 73 87 17 87 86 57 93
182 20 851 51 49 18 13 59 75 93 38 25 64 11 93 70 21 61 89 11 86 75 54 98 36 96 32 90 6 41 39 49 50 30 91 12 98 3 99 82 68 89 60
183 20 745 75 23 30 100 27 97 100 11 84 32 53 55 27 17 85 11 3 93 1 4 14 75 23 71 52 75 47 32 60 31 99 25 67 7 5 91 24 62 56 27
184 20 848 21 86 20 24 13 89 3 21 74 100 32 20 78 39 41 52 72 63 94 41 40 83 40 35 28 7 86 46 22 80 85 84 88 25 70 15 96 82 57 51
185 20 969 90 52 18 50 17 29 8 20 88 60 92 59 11 88 82 80 21 31 96 52 79 13 80 47 69 63 99 16 6 51 53 23 24 38 88 26 99 48 92 7
186 20 680 51 16 15 63 11 58 87 24 41 24 5 35 60 53 75 10 19 33 62 46 72 97 8 15 4 28 12 41 15 44 50 91 16 38 77 35 77 76 94 97
187 20 740 27 74 59 33 43 6 98 31 81 53 66 81 27 79 70 24 57 39 50 28 14 17 4 18 67 40 13 26 17 47 34 11 5 48 58 93 90 21 45 83
188 20 795 41 48 66 67 73 69 70 12 14 32 56 56 54 86 96 5 50 63 6 83 75 75 14 8 60 4 13 1 66 1 76 46 74 23 64 36 3 77 23 87
189 20 836 59 9 1 73 90 61 5 1 23 11 5 22 24 44 99 57 31 54 50 80 41 78 37 85 90 14 80 68 67 90 96 16 71 13 20 50 83 94 73 11
190 20 736 12 93 26 89 13 23 14 63 59 34 6 4 32 83 55 34 88 93 74 99 71 82 87 97 41 6 63 67 18 30 53 85 69 17 9 88 38 8 93 29
191 20 819 10 42 60 10 28 9 31 71 95 37 26 76 73 89 81 100 68 43 18 76 33 89 72 7 96 72 91 52 54 22 40 52 1 56 55 2 54 85 38 76
192 20 847 53 45 67 4 75 85 79 83 59 82 47 57 3 70 68 7 58 22 71 63 56 62 43 62 25 63 22 6 31 71 2 89 96 24 42 55 68 55 94 38
193 20 680 60 33 21 21 2 46 50 43 73 86 63 2 48 71 30 31 6 16 26 73 98 30 56 4 82 92 8 5 65 70 29 72 33 72 19 89 50 66 32 28
194 20 832 73 4 44 18 36 58 3 94 3 25 94 48 92 41 55 34 35 27 79 66 31 33 39 74 24 20 77 63 65 88 66 25 76 54 54 30 36 92 58 65
195 20 741 15 4 57 27 82 97 29 45 71 33 4 62 65 63 62 20 33 32 30 88 30 58 54 36 67 64 58 83 32 19 70 16 89 91 34 49 44 3 1 46
196 20 677 85 47 71 16 3 5 68 68 26 54 45 14 38 73 58 41 13 65 80 65 2 52 35 28 3 19 12 19 49 50 44 5 32 25 96 5 57 68 30 6
197 20 859 54 25 51 40 35 4 78 19 29 40 53 21 82 27 49 9 46 58 51 17 34 43 86 42 34 59 56 100 3 20 84 50 92 11 48 94 84 29 25 82
198 20 732 17 74 13 26 31 38 66 49 17 18 15 28 26 63 19 34 36 27 48 48 42 24 56 71 45 46 97 66 70 71 96 45 91 10 64 65 43 89 24 1
199 20 848 42 66 77 35 42 8 5 63 92 38 83 53 63 27 11 82 58 91 91 47 1 70 59 24 90 65 56 95 73 67 14 27 94 28 70 60 26 71 13 39
200 20 964 22 89 95 27 68 1 100 91 94 13 31 43 98 1 16 77 78 25 89 77 93 16 61 49 18 63 60 68 14 45 91 45 19 3 55 57 100 7 3 45
201 20 809 32 13 12 59 25 41 69 84 18 53 44 18 1 81 74 85 27 45 78 44 88 69 56 23 27 64 97 67 29 55 51 79 92 79 14 8 81 97 97 12
202 20 704 36 95 22 7 88 20 57 79 39 99 97 4 41 14 75 76 48 84 4 84 52 73 1 91 16 11 86 27 26 95 4 96 30 31 43 69 65 41 51 81
203 20 896 83 59 69 83 11 92 90 30 9 83 31 54 66 34 75 44 68 92 49 22 91 16 49 88 8 75 22 16 97 32 76 89 90 64 16 61 55 82 65 49
204 20 635 65 24 17 87 5 59 41 57 79 82 42 50 16 89 62 11 56 29 44 74 11 88 33 53 53 85 5 34 67 44 40 56 60 22 19 13 35 91 44 59
205 20 830 80 90 95 63 14 50 8 23 35 28 6 17 42 65 39 74 58 86 67 73 42 5 83 55 37 32 66 42 91 31 15 11 40 67 82 47 71 36 67 60
206 20 910 10 23 61 35 66 66 67 73 48 46 82 40 89 82 39 24 43 94 57 16 59 71 70 13 97 8 66 99 95 93 48 92 31 41 53 92 27 30 30 65
207 20 856 15 32 91 85 66 93 99 37 45 34 18 14 91 63 20 93 87 99 77 74 18 16 11 59 84 81 36 47 49 9 98 74 12 55 57 84 88 55 8 40
208 20 744 97 65 69 4 5 66 48 9 70 81 14 70 77 90 76 3 27 88 16 89 81 12 37 56 47 46 27 3 27 18 89 33 64 27 40 28 4 46 15 87
209 20 623 30 48 42 11 7 58 33 86 24 88 13 74 11 1 23 47 17 35 50 71 65 55 69 62 74 88 43 89 79 55 53 41 19 57 1 13 95 67 31 97
210 20 755 81 64 74 46 38 44 61 92 65 17 67 42 5 59 34 79 78 12 27 61 47 45 43 48 40 76 12 45 15 94 61 91 100 7 63 97 26 6 7 15
211 20 753 33 69 41 4 30 90 97 99 95 100 49 58 29 21 44 97 70 65 89 65 16 60 82 29 3 78 22 98 35 65 43 71 67 72 70 8 13 11 14 93
212 20 608 54 66 70 30 50 3 34 98 52 96 60 63 32 78 12 23 59 85 9 20 88 26 72 5 31 16 31 91 6 46 52 28 1 93 1 11 28 29 19 65
213 20 924 29 68 37 75 56 22 96 59 69 29 59 62 74 8 86 55 42 88 19 81 66 65 100 35 60 86 5 61 91 18 7 81 17 38 100 48 45 46 97 52
214 20 890 33 93 43 6 57 91 79 72 69 70 58 47 17 72 43 83 51 38 57 8 70 22 69 3 58 76 23 32 26 68 57 8 98 25 63 64 70 75 72 74
215 20 856 30 33 33 62 97 12 82 28 2 69 24 27 75 40 84 79 33 65 88 67 95 36 39 18 31 94 76 73 46 39 42 53 17 35 91 26 60 51 25 73
216 20 847 94 100 65 30 73 61 39 80 3 98 20 81 14 32 69 60 45 24 77 33 51 50 96 24 65 98 56 50 81 82 63 19 7 25 47 49 74 96 20 29
217 20 882 87 27 65 86 67 87 51 61 55 4 54 96 62 42 62 39 9 86 79 45 2 32 87 50 45 38 79 50 39 29 62 57 49 44 88 19 26 82 35 94
218 20 763 55 9 69 36 88 90 31 28 30 74 75 70 54 6 30 28 36 31 2 97 11 40 79 14 24 12 37 95 61 93 68 81 83 34 87 27 6 69 28 82
219 20 852 59 56 66 7 67 88 16 46 93 52 45 82 74 74 6 42 99 26 90 36 62 32 31 84 31 32 58 87 98 38 4 93 18 91 61 55 39 57 48 82
220 20 793 21 77 93 66 33 9 90 18 16 55 66 94 23 82 95 87 36 46 7 93 65 96 48 80 44 67 59 65 46 25 76 68 45 38 91 71 31 18 7 47
221 20 853 96 71 65 11 34 23 62 69 24 98 72 13 9 1 53 38 6 52 67 1 33 99 18 26 97 56 70 34 26 87 67 98 76 36 26 50 96 14 70 1
222 20 829 74 6 11 97 10 60 49 60 100 24 13 32 80 33 27 54 88 31 28 10 65 36 81 30 27 69 89 53 37 64 86 94 18 58 20 97 43 66 91 60
223 20 787 59 9 6 68 39 92 73 77 65 90 63 23 8 18 95 20 54 73 19 57 87 79 21 28 70 80 68 57 37 62 68 6 61 4 21 8 45 98 25 43
224 20 747 71 26 26 12 24 33 66 49 58 8 89 81 24 21 45 68 23 51 61 29 51 15 93 65 49 48 39 80 11 92 9 32 3 80 79 3 90 38 23 23
225 20 889 53 2 15 92 14 44 84 61 54 78 68 72 50 67 77 32 31 46 50 11 68 93 70 85 13 63 54 73 37 68 97 12 75 45 69 85 45 24 88 84
226 20 884 55 53 17 42 93 92 42 8 55 70 20 71 7 61 53 3 91 22 75 44 26 63 71 65 56 41 99 46 75 58 55 21 5 68 78 66 51 49 81 74
227 20 822 31 24 20 55 50 11 79 3 43 38 9 12 52 68 100 13 22 11 87 33 48 89 87 26 90 24 90 9 44 51 15 97 62 16 10 93 62 59 27 22
228 20 677 22 24 63 31 80 15 22 86 14 8 56 46 32 50 67 60 34 33 55 79 2 67 1 45 61 42 22 54 100 57 90 45 9 86 57 67 37 17 23 18
229 20 880 46 12 80 45 31 10 67 17 42 86 93 54 97 16 49 48 26 77 61 98 56 69 35 38 26 77 66 79 26 21 76 90 98 6 3 59 48 90 75 29
230 20 918 79 11 92 24 26 4 43 57 23 50 84 73 34 16 85 86 66 13 90 47 25 18 26 10 81 72 43 39 88 51 83 37 24 80 17 100 59 2 80 9
231 20 901 20 54 81 56 62 71 71 69 81 12 64 89 87 29 94 11 85 25 83 95 90 83 96 44 20 7 33 49 21 27 7 24 52 3 64 88 14 48 2 44
232 20 786 80 53 40 70 22 78 42 98 17 58 33 55 27 39 89 38 4 12 97 46 88 84 41 48 63 53 21 81 45 18 85 17 70 36 80 66 12 32 27 1
233 20 992 20 77 44 1 73 84 85 48 96 10 88 46 24 95 99 17 94 48 74 68 23 26 36 74 59 64 71 24 70 99 97 57 52 2 99 1 9 32 28 21
234 20 748 8 1 55 66 3 36 15 44 11 78 76 66 25 98 87 21 90 48 33 4 13 69 98 57 26 52 52 91 81 52 71 56 40 3 80 25 3 65 68 67
235 20 848 6 44 48 3 14 56 83 31 42 81 32 1 87 13 97 29 71 85 98 30 15 59 61 92 73 12 6 13 62 14 52 12 73 84 30 48 40 82 70 87
236 20 650 8 18 70 72 36 18 57 53 48 97 88 54 1 35 30 94 38 59 90 87 8 28 47 69 2 88 43 48 10 95 14 18 41 61 85 59 46 61 51 14
237 20 752 29 30 99 88 29 23 86 15 78 21 5 93 44 80 12 53 42 59 27 93 98 76 74 63 33 20 2 80 20 14 95 34 22 82 84 51 21 77 40 71
238 20 884 1 16 56 65 51 6 20 3 92 93 37 5 27 34 87 37 91 90 97 22 29 34 61 58 21 22 56 4 88 17 53 3 35 49 77 60 40 3 87 28
239 20 604 69 82 67 92 28 7 36 70 34 2 10 4 51 4 48 81 11 70 32 66 20 44 31 49 91 54 33 83 74 87 16 88 48 92 22 73 5 91 30 46
240 20 700 13 39 78 17 64 86 39 4 30 56 8 62 64 62 10 4 19 35 21 43 56 52 3 87 73 79 96 11 39 96 24 48 6 29 85 81 59 32 88 81
241 20 933 51 91 95 71 77 65 65 51 30 78 75 88 57 15 59 33 45 42 73 11 2 56 41 94 35 3 72 23 99 13 34 93 3 43 97 10 59 10 98 42
242 20 711 6 55 15 26 29 14 58 81 24 73 79 40 6 32 86 95 60 40 68 74 45 19 69 69 65 36 43 88 58 41 7 39 14 48 98 8 43 93 16 98
243 20 785 51 11 62 36 73 41 45 84 35 9 80 76 47 47 67 68 100 27 43 81 10 26 1 62 43 35 32 78 82 47 8 77 79 14 20 86 53 63 51 48
244 20 752 37 47 18 83 26 75 71 43 17 81 34 10 5 81 4 38 86 42 50 10 88 62 88 54 65 15 23 27 9 5 44 9 84 25 41 54 91 75 59 7
245 20 689 5 92 62 56 29 37 97 66 58 74 23 30 50 38 9 69 70 20 35 58 46 54 45 93 51 57 28 100 12 49 59 85 4 74 76 10 41 6 62 96
246 20 796 46 95 82 15 52 19 78 31 9 25 44 47 22 52 76 11 1 44 22 48 78 31 45 75 69 73 35 97 32 73 55 20 48 29 74 34 27 34 100 60
247 20 920 10 71 35 44 80 68 21 81 65 94 8 89 95 4 97 21 58 84 48 3 99 2 11 92 86 89 99 38 84 26 66 2 24 73 39 27 53 87 73 10
248 20 880 90 84 30 38 47 28 60 61 79 19 46 72 72 57 99 10 28 49 5 27 54 12 62 58 27 3 23 58 29 69 73 90 47 12 65 45 69 98 96 89
249 20 685 27 68 25 24 28 5 6 78 59 89 29 83 39 99 48 10 89 51 64 51 30 25 22 71 90 87 27 30 11 47 7 49 2 53 96 45 76 40 82 42
250 20 880 45 73 59 20 96 83 18 88 74 26 60 89 28 48 69 3 43 4 83 60 50 25 39 49 39 58 54 85 56 94 62 36 77 11 82 80 5 3 61 58
