1 15 2043 DPWeight 26970 54.275851 111110101111111
2 15 1878 DPWeight 26235 51.287391 111001111011111
3 15 1811 DPWeight 21240 39.614891 110110111101111
4 15 1569 DPWeight 29280 54.839869 111111001111110
5 15 1957 DPWeight 24675 45.982188 111111101110011
6 15 1110 DPWeight 26160 47.172934 101111111011110
7 15 1979 DPWeight 27840 51.99953 111011011111011
8 15 1890 DPWeight 28620 52.167649 111111110110011
9 15 2099 DPWeight 26805 48.621722 101101111111111
10 15 1361 DPWeight 29655 54.866439 101111101111111
11 15 1282 DPWeight 28365 49.791275 111111101101111
12 15 1801 DPWeight 29700 52.603236 111011101111110
13 15 1966 DPWeight 29865 52.678479 111111111010111
14 15 2089 DPWeight 25500 44.690639 111110101011111
15 15 2047 DPWeight 30600 53.954854 111111101110011
16 15 1954 DPWeight 34860 62.726518 111111111001101
17 15 1593 DPWeight 35925 63.744617 111110011111101
18 15 1771 DPWeight 34335 60.336806 111001110111111
19 15 2065 DPWeight 26715 49.493021 111111110011110
20 15 2510 DPWeight 27300 48.244852 111110110111111
21 15 1946 DPWeight 26925 47.648418 110111111111011
22 15 1330 DPWeight 26595 46.983939 110111101110111
23 15 1620 DPWeight 28710 50.798069 110101111111011
24 15 1825 DPWeight 24870 43.88095 011110111101111
25 15 1618 DPWeight 26490 46.625192 111010111111111
26 15 1616 DPWeight 30255 54.151257 101110111101111
27 15 1626 DPWeight 28140 50.011898 111110111100111
28 15 1782 DPWeight 20940 36.693437 110111111111101
29 15 1871 DPWeight 24615 43.425988 101111111110011
30 15 2046 DPWeight 29460 51.94137 101111101111111
31 15 1689 DPWeight 27480 48.748387 001111110111111
32 15 1788 DPWeight 32940 58.178939 101111111111101
33 15 1877 DPWeight 24270 42.944896 111101111111011
34 15 1952 DPWeight 27660 48.843943 111101101111110
35 15 1801 DPWeight 29910 52.841292 101011110111111
36 15 1735 DPWeight 23115 41.045935 111111101111001
37 15 1804 DPWeight 23100 41.118512 111111111100101
38 15 1907 DPWeight 24690 43.41078 101110111111111
39 15 1657 DPWeight 26310 46.442303 111111011101101
40 15 1948 DPWeight 24600 43.414063 110101011111111
41 15 1998 DPWeight 27630 48.723578 111111111100111
42 15 2030 DPWeight 29760 56.436492 011111111101110
43 15 1781 DPWeight 28500 51.126246 111111110101011
44 15 1657 DPWeight 25770 45.672057 111111111011011
45 15 1623 DPWeight 21960 38.749274 111100111111111
46 15 1292 DPWeight 21360 37.746937 111111101111110
47 15 1839 DPWeight 22020 39.342724 101101111111101
48 15 1943 DPWeight 34530 61.052751 111111111010111
49 15 1513 DPWeight 21840 38.563362 111111101110111
50 15 1677 DPWeight 22095 39.043297 110111111110111
51 15 1391 DPWeight 28695 50.649037 111011111101111
52 15 2051 DPWeight 34320 60.531783 001111111111011
53 15 1733 DPWeight 27480 48.943131 110111111101111
54 15 1905 DPWeight 28455 52.824563 101111111011111
55 15 1899 DPWeight 29610 52.526133 111101011111111
56 15 2055 DPWeight 30900 54.072103 011011111110111
57 15 1707 DPWeight 25950 46.076579 101011011011111
58 15 1896 DPWeight 26445 46.668579 111001111111111
59 15 1920 DPWeight 27420 48.688802 011111011011111
60 15 1435 DPWeight 29325 51.643956 111111011101111
61 15 1929 DPWeight 30405 53.688617 110111111011110
62 15 2080 DPWeight 34560 60.831796 101101111111101
63 15 2332 DPWeight 26505 46.952009 111111110101111
64 15 1836 DPWeight 30090 52.868173 111111111110011
65 15 1547 DPWeight 29130 51.447424 101101111111111
66 15 1455 DPWeight 32730 57.665071 110111011111111
67 15 1610 DPWeight 25995 46.160983 111110111110110
68 15 1413 DPWeight 21315 37.474196 111111011101110
69 15 1614 DPWeight 25215 49.339476 111100011111111
70 15 1981 DPWeight 20805 36.893012 111111011111110
71 15 1605 DPWeight 27060 47.799698 110111111110111
72 15 1719 DPWeight 25440 44.913959 110111111101111
73 15 1936 DPWeight 28650 50.570413 111010111111011
74 15 1737 DPWeight 22545 39.671095 110111011111111
75 15 2196 DPWeight 25995 46.30092 111010111101111
76 15 1695 DPWeight 31800 56.00627 111010111111111
77 15 1662 DPWeight 26820 47.941795 111111100011111
78 15 1852 DPWeight 27630 50.159605 111011111101110
79 15 1759 DPWeight 32595 57.294355 111110011110111
80 15 1475 DPWeight 30720 54.253066 101101101111111
81 15 1595 DPWeight 26550 47.044713 111111111001111
82 15 1701 DPWeight 20940 37.185892 111101111111100
83 15 1415 DPWeight 29445 52.084564 111111001111111
84 15 1888 DPWeight 31560 55.664691 101101111111101
85 15 1507 DPWeight 26955 47.66591 111101101110111
86 15 1657 DPWeight 26580 47.455129 111111110101111
87 15 1820 DPWeight 33615 59.924342 001111101111111
88 15 1629 DPWeight 27810 49.221568 111101101011110
89 15 1752 DPWeight 30075 53.043378 110110111111111
90 15 1697 DPWeight 30045 52.925106 011111101111111
91 15 1720 DPWeight 25020 44.260724 101111111111110
92 15 1854 DPWeight 28680 50.800543 101110111111011
93 15 1551 DPWeight 27165 48.014489 111111011101111
94 15 1875 DPWeight 29880 52.77444 011111111110111
95 15 1787 DPWeight 25245 44.799569 101111111101011
96 15 1649 DPWeight 31275 55.407186 100111111011111
97 15 1822 DPWeight 26940 47.661964 110110111111101
98 15 1655 DPWeight 25545 45.186243 011111111011111
99 15 2036 DPWeight 19230 34.00697 111001111111111
100 15 1713 DPWeight 23670 42.231501 110111111111100
101 15 1885 DPWeight 32325 56.739704 111111110111101
102 15 1785 DPWeight 33120 58.641276 101111011111101
103 15 1813 DPWeight 23820 42.146468 110111101111111
104 15 1324 DPWeight 26460 46.686377 111111100111111
105 15 1516 DPWeight 21675 38.536289 110101011111111
106 15 2293 DPWeight 27210 48.085001 001111111111111
107 15 1955 DPWeight 30975 54.553162 101110111111011
108 15 1853 DPWeight 28305 50.679703 101111110111110
109 15 1370 DPWeight 29040 51.11349 011111011111111
110 15 2313 DPWeight 26130 46.248521 100111111011111
111 15 1782 DPWeight 30345 53.953128 110111110111101
112 15 1835 DPWeight 25470 44.798785 111111111101011
113 15 2219 DPWeight 21900 38.647074 011011111111011
114 15 2175 DPWeight 20190 35.610047 111111110110111
115 15 1653 DPWeight 22965 40.68295 111011111111101
116 15 1746 DPWeight 27210 47.958874 011110111101111
117 15 1835 DPWeight 22410 40.220402 111111010111111
118 15 1679 DPWeight 26700 47.293223 111101110111111
119 15 1774 DPWeight 33990 60.421888 111111101111001
120 15 1549 DPWeight 20355 36.058313 111011111110011
121 15 1933 DPWeight 27240 48.639729 001111011111111
122 15 1750 DPWeight 23340 41.321918 111101111011111
123 15 1567 DPWeight 26145 46.527174 111111100111101
124 15 1597 DPWeight 23520 41.620075 101111111101111
125 15 1931 DPWeight 21480 38.167742 111110111101111
126 15 2024 DPWeight 19905 35.410082 110111111110110
127 15 1516 DPWeight 34485 60.651683 111111110111100
128 15 2099 DPWeight 26640 47.114106 101101111111111
129 15 1575 DPWeight 25620 45.646438 111111010111111
130 15 2107 DPWeight 24585 43.382557 101111110111111
131 15 1483 DPWeight 28155 49.417025 111111110001111
132 15 1605 DPWeight 30540 54.009069 111111111011000
133 15 1937 DPWeight 24300 42.980215 111111111111011
134 15 1287 DPWeight 25605 45.238222 101101101111111
135 15 2273 DPWeight 24600 43.744329 011101111111111
136 15 2084 DPWeight 32400 57.216136 111011111101011
137 15 1906 DPWeight 25080 44.388105 111111101101111
138 15 2131 DPWeight 32580 57.584124 110111101011111
139 15 2061 DPWeight 31860 56.454681 101110111111110
140 15 1247 DPWeight 24960 44.067104 011111101110111
141 15 1224 DPWeight 21420 37.601365 110111111111101
142 15 1467 DPWeight 27600 48.996907 111111010110111
143 15 1603 DPWeight 22500 39.553793 110111011111111
144 15 1774 DPWeight 33855 60.207957 111101101011111
145 15 1472 DPWeight 23700 41.92112 111101111001011
146 15 1569 DPWeight 23775 41.845794 111111001011111
147 15 1981 DPWeight 24645 43.561918 101111111101111
148 15 2180 DPWeight 30675 54.261678 111101101111110
149 15 1453 DPWeight 28980 51.163147 111110101101111
150 15 1951 DPWeight 23190 41.094199 101111111111010
151 15 1751 DPWeight 28650 50.829044 011111110111011
152 15 2291 DPWeight 23355 41.246367 111110101111111
153 15 1899 DPWeight 33240 58.685546 111111111110110
154 15 2103 DPWeight 26235 46.569045 110111100111111
155 15 1799 DPWeight 24975 45.26517 111111111110110
156 15 1675 DPWeight 31020 55.697838 111111110101101
157 15 1552 DPWeight 29280 52.017402 101111110111011
158 15 1661 DPWeight 26925 47.748375 111111110101111
159 15 1566 DPWeight 29160 51.677096 111110101101111
160 15 1431 DPWeight 27045 47.786282 111011111111011
161 15 1919 DPWeight 28470 50.41106 110111111101111
162 15 1544 DPWeight 21240 37.421866 011111101111111
163 15 2194 DPWeight 27675 48.519613 111100111111111
164 15 1570 DPWeight 28095 49.584116 110111101111110
165 15 1806 DPWeight 30210 53.754169 001111110111111
166 15 1657 DPWeight 25530 45.04036 101111101011111
167 15 2276 DPWeight 33135 58.51478 111111111011011
168 15 2136 DPWeight 31620 55.363706 111111011111001
169 15 1677 DPWeight 25425 45.239778 111011111111101
170 15 1237 DPWeight 23760 42.047844 111110111110111
171 15 1877 DPWeight 35520 63.16586 111011110010111
172 15 1550 DPWeight 34020 60.097168 110001111111111
173 15 1505 DPWeight 18495 32.467667 111110110111111
174 15 1029 DPWeight 32175 56.850278 111101111110011
175 15 1677 DPWeight 25170 44.520009 101111101111011
176 15 1030 DPWeight 32985 58.46406 111110101111111
177 15 1973 DPWeight 26940 47.78599 110101110111111
178 15 1979 DPWeight 26640 46.876646 111111110110111
179 15 1609 DPWeight 28905 51.110141 101111111001111
180 15 1792 DPWeight 33150 58.523153 111111011101011
181 15 1863 DPWeight 22575 40.428454 111110111111110
182 15 1645 DPWeight 30825 54.420264 101011111011111
183 15 1639 DPWeight 23160 41.178948 111110111110111
184 15 1921 DPWeight 23100 40.724597 101111111111110
185 15 2085 DPWeight 31440 56.317907 101011111011111
186 15 1685 DPWeight 29640 52.768178 011111101011111
187 15 1873 DPWeight 27930 49.852214 111011111100111
188 15 2069 DPWeight 27780 50.244278 011010111111111
189 15 1974 DPWeight 29400 53.466044 110110110111111
190 15 1763 DPWeight 38580 70.825974 110011101111111
191 15 1709 DPWeight 21870 39.583964 101111101111011
192 15 1719 DPWeight 27840 49.532419 110111110111111
193 15 1440 DPWeight 23805 43.386141 110111111111011
194 15 1777 DPWeight 19605 35.085723 111110111111101
195 15 1618 DPWeight 24480 44.292899 011111111011111
196 15 2017 DPWeight 31680 56.750932 110111111111101
197 15 1990 DPWeight 35970 65.375999 111111011110101
198 15 1906 DPWeight 30795 60.707743 011111101111111
199 15 2004 DPWeight 27420 100.244735 111100111111111
200 15 1479 DPWeight 32070 93.149637 100111111111011
201 15 1960 DPWeight 31800 66.37923 111111111110011
202 15 1694 DPWeight 24240 46.423624 111111110111100
203 15 1800 DPWeight 25380 47.769151 111111001111111
204 15 2059 DPWeight 26400 47.477359 111011111111011
205 15 2018 DPWeight 34680 63.215964 111111011110101
206 15 1581 DPWeight 22140 39.912764 111101111011111
207 15 1939 DPWeight 40230 107.029166 111011011101111
208 15 1325 DPWeight 24225 43.166334 111111111100110
209 15 1980 DPWeight 17430 30.826056 111111111111001
210 15 1962 DPWeight 29055 53.082573 111111110101111
211 15 1611 DPWeight 32580 57.438072 111111111101101
212 15 1677 DPWeight 24990 44.207248 101011111111111
213 15 2069 DPWeight 30000 53.273593 111111101111001
214 15 1872 DPWeight 18105 32.068894 011011111111111
215 15 1830 DPWeight 25755 45.648982 111111111011011
216 15 1337 DPWeight 33480 59.97403 111111111011011
217 15 1580 DPWeight 23940 43.235382 101111010111111
218 15 1242 DPWeight 25605 45.811389 100111011111111
219 15 1741 DPWeight 26385 47.509878 111111011111011
220 15 1317 DPWeight 33405 59.483856 011100111011111
221 15 1807 DPWeight 27840 49.136171 111101110011111
222 15 1960 DPWeight 23175 40.829987 100111111111111
223 15 2031 DPWeight 27435 48.191764 111101111101111
224 15 1581 DPWeight 28800 50.740168 101111111111101
225 15 1614 DPWeight 22560 40.109136 011111111011111
226 15 1603 DPWeight 24420 44.218894 111111101011111
227 15 1535 DPWeight 34335 63.122849 111101111101101
228 15 1430 DPWeight 34290 62.280674 110111001111111
229 15 1402 DPWeight 22770 40.297998 010111111111011
230 15 1733 DPWeight 30600 54.239298 111110111101011
231 15 1773 DPWeight 26385 47.074512 111101111111101
232 15 1168 DPWeight 26280 46.810327 101111111010111
233 15 1651 DPWeight 33885 60.260764 111001111011111
234 15 1430 DPWeight 28785 51.129983 111110101111111
235 15 1647 DPWeight 31560 55.743659 111101001111111
236 15 1280 DPWeight 30930 56.117945 111111101101111
237 15 1365 DPWeight 22935 41.582874 111101110111111
238 15 1621 DPWeight 30300 53.134352 110101110111111
239 15 2005 DPWeight 27540 48.493657 011111011111111
240 15 1995 DPWeight 26700 47.316983 111111111011011
241 15 2114 DPWeight 30900 54.732669 111111101111110
242 15 1472 DPWeight 24330 42.970455 111101011111111
243 15 1592 DPWeight 26565 46.996749 101011111111111
244 15 1836 DPWeight 31125 54.819664 110111101110111
245 15 1280 DPWeight 31080 54.873567 111011111011111
246 15 1723 DPWeight 23145 41.755291 110111111111011
247 15 1389 DPWeight 24765 45.633432 110011111111111
248 15 1782 DPWeight 28005 51.651856 111111110111011
249 15 1440 DPWeight 19110 34.215424 011111101111111
250 15 2147 DPWeight 27720 49.386008 111100111111111
