1 15 2380 194 62 159 245 242 152 206 184 217 125 84 190 196 211 247 23 174 13 225 200 178 3 202 95 244 106 207 195 200 206
2 15 2393 134 165 173 172 220 205 193 186 232 42 216 145 201 24 214 126 46 95 242 49 206 124 237 131 243 206 209 7 226 181
3 15 2196 188 105 216 93 228 2 227 108 99 29 229 129 242 205 246 116 131 162 189 84 222 242 97 134 79 205 126 67 226 160
4 15 2496 209 136 240 122 244 54 210 99 221 209 244 159 244 99 112 173 141 86 224 230 138 103 208 53 224 151 229 133 232 164
5 15 2399 178 181 250 161 190 199 172 79 215 63 217 176 205 219 249 170 232 113 121 225 138 246 186 217 221 128 186 192 239 13
6 15 2455 165 175 237 233 242 178 231 120 190 130 244 135 190 208 233 146 170 54 170 189 227 103 172 152 212 146 215 80 171 35
7 15 2286 110 42 246 33 229 244 237 208 200 96 182 184 124 170 201 129 238 78 216 122 211 123 169 173 89 202 247 64 159 222
8 15 2384 212 44 144 85 239 140 211 166 241 29 109 33 198 218 222 96 119 3 226 131 199 131 224 83 196 75 222 201 219 177
9 15 2281 229 179 185 71 168 181 249 246 226 76 230 135 148 9 215 83 165 157 99 85 198 111 242 81 219 31 241 151 38 132
10 15 2318 156 6 235 183 83 104 235 208 192 120 99 240 244 42 231 31 250 18 213 106 193 74 245 183 139 233 202 46 181 217
11 15 2230 231 173 141 175 193 56 220 166 238 127 122 6 213 80 204 225 103 191 209 45 227 29 185 178 200 207 201 45 101 160
12 15 2545 243 213 205 116 232 37 127 27 197 170 212 201 238 4 225 222 221 177 218 120 247 132 146 127 239 237 187 99 245 11
13 15 2315 187 17 249 137 231 248 161 29 172 154 113 148 231 25 192 78 220 95 205 91 184 54 160 34 213 193 168 223 208 21
14 15 2388 146 109 183 46 86 152 180 228 246 217 196 168 235 164 246 13 233 188 236 101 212 73 179 151 192 153 172 151 243 7
15 15 2299 127 175 137 242 224 173 242 22 207 22 87 86 207 166 215 82 176 211 237 214 244 250 201 216 223 145 221 105 126 30
16 15 2440 203 159 112 38 240 222 183 213 229 87 239 235 238 70 216 175 228 248 250 99 43 70 186 241 241 53 246 186 197 57
17 15 2200 186 134 112 215 71 176 206 111 164 207 234 1 79 29 232 139 238 180 226 136 148 18 189 58 222 120 205 121 239 22
18 15 2365 248 182 245 106 118 84 233 58 136 123 217 228 217 175 217 226 201 40 212 144 250 18 250 174 109 233 195 241 109 106
19 15 2276 214 154 192 227 76 176 248 179 171 240 250 77 199 93 207 75 243 14 227 91 125 75 195 18 233 106 70 103 195 89
20 15 2194 223 101 136 221 33 143 243 191 155 45 141 94 203 186 127 179 212 159 244 96 239 206 108 205 240 68 209 102 230 168
21 15 2405 220 228 178 152 238 108 224 40 207 22 216 219 219 131 224 83 191 39 130 168 178 233 189 101 182 176 238 235 173 12
22 15 2451 235 135 226 246 162 244 188 77 139 97 232 237 249 109 220 1 248 52 246 169 177 49 227 82 220 130 216 31 79 119
23 15 2401 246 33 234 76 223 12 164 166 210 149 148 163 227 210 160 172 193 110 198 28 196 150 219 241 214 215 160 63 210 40
24 15 2203 118 98 220 28 116 216 174 197 198 130 108 50 108 191 249 173 212 195 177 151 232 188 232 193 202 215 194 199 214 72
25 15 2156 130 214 215 100 98 204 158 118 92 93 235 7 181 192 185 100 167 183 197 230 153 163 202 90 220 234 250 233 213 206
26 15 2178 127 30 68 59 240 149 234 63 165 42 223 179 210 209 248 41 99 206 107 163 203 174 175 216 195 129 244 43 185 2
27 15 2283 211 249 176 227 152 65 202 244 225 189 208 96 234 109 162 89 146 248 180 7 222 36 241 122 171 90 169 248 155 183
28 15 2403 214 85 208 165 239 27 186 150 248 20 102 123 199 128 195 11 152 178 221 61 187 142 123 122 241 120 241 118 248 217
29 15 2304 178 45 204 149 58 117 239 17 235 128 220 198 137 135 182 228 115 89 215 4 188 178 198 160 240 19 236 82 236 124
30 15 2458 244 222 249 119 227 87 239 178 229 128 201 96 247 221 218 243 107 79 191 148 237 168 99 125 221 40 239 100 125 54
31 15 2212 231 179 138 85 135 169 245 110 179 172 146 59 133 146 228 200 169 86 246 27 240 161 139 40 119 135 185 70 232 27
32 15 2251 174 77 89 209 236 143 242 248 239 60 103 92 222 242 99 203 171 239 193 223 223 202 219 54 137 69 229 242 238 109
33 15 1972 170 237 190 139 101 111 232 177 233 55 215 122 177 93 233 176 117 237 60 178 154 51 103 156 201 129 195 239 84 46
34 15 2329 140 246 247 11 195 45 191 149 228 113 248 29 219 249 208 250 132 77 184 227 92 4 187 166 169 22 231 199 241 87
35 15 2182 215 74 214 218 238 243 225 82 80 139 224 111 210 234 136 27 167 129 131 83 110 194 238 199 103 66 227 230 210 97
36 15 2162 123 121 167 209 247 170 126 204 112 136 158 179 247 61 172 137 242 123 208 81 201 2 132 229 134 152 209 156 225 194
37 15 2280 221 178 188 83 101 239 84 61 184 183 145 86 229 246 208 61 216 195 249 237 250 226 190 74 136 33 212 47 238 184
38 15 2567 231 3 217 101 212 107 204 178 246 113 246 88 220 213 250 86 233 41 198 168 122 196 214 136 142 63 241 94 233 129
39 15 2457 231 46 101 152 204 23 234 194 183 38 136 5 245 158 211 192 192 89 195 237 225 70 201 205 246 220 229 195 239 238
40 15 2431 114 175 178 26 206 235 145 103 186 227 250 216 215 217 229 249 242 244 186 216 214 236 225 122 213 59 210 50 226 248
41 15 2129 227 14 202 36 160 21 132 178 186 166 168 199 180 87 171 104 165 125 156 136 219 1 220 213 194 144 161 147 121 147
42 15 2513 244 38 116 146 232 38 181 148 239 173 247 167 250 42 202 183 235 83 234 30 213 75 102 111 182 69 226 221 239 29
43 15 2341 209 65 221 248 215 83 246 187 137 190 215 141 178 134 205 121 227 221 223 143 249 85 226 7 145 62 120 66 111 131
44 15 2459 229 234 234 178 205 18 223 178 154 70 182 105 173 239 174 92 185 116 158 69 234 161 237 13 212 8 226 163 248 188
45 15 2436 226 122 197 57 228 205 217 63 223 224 242 67 94 99 245 66 247 53 202 74 165 82 106 249 248 155 210 88 195 218
46 15 2276 188 217 155 229 242 116 135 55 246 113 232 183 108 88 218 125 188 231 227 22 66 159 244 221 211 81 206 7 180 131
47 15 2145 239 158 147 92 233 163 240 239 201 110 162 120 79 115 185 159 184 202 224 188 175 10 245 219 172 13 143 5 53 189
48 15 2280 239 19 166 106 226 238 100 91 169 155 163 201 181 80 81 126 209 53 167 205 184 144 248 240 231 179 245 75 242 150
49 15 2352 230 244 207 81 228 85 246 228 228 198 187 38 214 90 194 108 228 23 112 177 110 8 215 105 193 203 133 37 216 139
50 15 2123 89 239 207 150 230 157 237 88 249 62 239 107 247 84 157 50 187 168 175 42 42 243 209 245 169 156 47 89 170 152
51 15 2496 234 66 241 152 172 60 246 122 242 78 235 106 160 217 189 205 165 114 207 4 186 203 216 76 235 145 155 183 237 185
52 15 2431 189 230 227 59 151 164 214 28 241 54 197 99 249 125 213 208 137 25 224 114 244 193 214 182 231 32 101 119 207 79
53 15 2385 244 51 171 212 158 30 239 180 172 28 248 206 182 74 218 164 177 170 215 11 195 206 227 43 162 89 164 127 210 202
54 15 2368 122 239 203 179 250 227 244 234 223 16 146 200 248 173 218 231 232 75 120 188 54 81 225 160 205 121 244 198 226 21
55 15 2507 236 106 217 113 191 122 151 195 189 205 179 84 200 86 205 200 227 118 248 154 249 177 234 167 230 107 207 174 171 7
56 15 2416 228 125 229 165 242 242 238 144 234 197 207 87 214 174 226 191 117 35 248 81 198 154 156 60 148 65 140 134 196 146
57 15 2388 135 49 185 175 188 25 165 122 249 99 141 78 231 128 185 42 242 112 237 175 234 227 219 40 221 222 182 227 171 170
58 15 2506 190 229 200 219 201 181 219 90 208 175 242 34 245 144 229 146 244 139 209 18 126 236 185 127 244 110 141 66 250 191
59 15 2268 227 55 249 54 101 131 197 128 55 97 200 62 208 145 145 2 174 182 179 153 240 199 240 3 134 76 247 22 239 122
60 15 2360 221 60 223 23 179 218 133 240 239 66 243 197 230 148 173 107 202 241 145 213 247 19 143 235 116 137 244 153 212 73
61 15 2325 210 73 214 42 241 244 225 98 233 139 90 60 220 41 229 180 159 186 204 204 160 159 250 14 245 196 127 136 100 60
62 15 2459 227 156 232 74 214 104 235 228 189 131 216 235 230 3 220 56 218 66 209 53 233 180 91 59 150 60 204 11 206 116
63 15 2326 180 79 118 16 221 187 182 10 243 61 223 124 145 78 154 126 218 18 224 244 160 88 246 35 189 35 246 128 159 238
64 15 2201 223 143 144 130 127 244 238 121 162 29 173 161 164 28 246 110 236 134 146 84 175 101 88 8 163 7 237 66 230 230
65 15 2324 218 110 240 28 214 78 151 23 248 99 162 182 185 65 235 97 232 234 130 113 177 157 203 138 109 37 175 137 227 9
66 15 2165 239 195 216 27 198 201 163 185 143 128 133 72 214 175 147 159 104 35 248 141 207 175 247 205 158 118 167 4 123 3
67 15 2251 214 168 230 153 178 247 175 89 175 56 223 236 125 73 209 140 199 161 168 247 182 201 167 237 149 28 234 134 186 169
68 15 2191 102 4 130 211 164 188 212 146 137 61 249 103 184 64 195 84 205 64 245 127 192 130 213 232 122 31 231 62 158 231
69 15 2595 222 213 245 239 227 244 222 104 187 73 250 241 248 210 233 9 149 247 227 155 214 60 193 101 207 87 215 54 205 126
70 15 2266 225 44 125 73 219 229 146 219 240 197 128 37 157 145 217 101 243 36 192 193 243 68 202 196 173 141 100 65 223 112
71 15 2148 157 207 150 32 89 192 151 2 246 78 199 193 224 198 234 27 197 231 102 156 166 74 172 23 219 20 232 44 148 70
72 15 2278 237 65 248 106 179 240 129 138 138 133 213 189 191 111 166 188 207 203 168 145 155 157 238 104 157 118 178 78 244 139
73 15 2064 143 234 234 230 163 82 165 188 228 163 243 112 176 9 220 145 173 222 227 121 110 2 115 213 170 134 112 95 101 162
74 15 2406 163 129 110 80 170 14 250 49 209 230 234 73 184 64 241 174 223 1 204 227 226 1 237 167 234 175 150 178 173 223
75 15 2430 123 157 228 46 195 220 166 137 229 35 219 141 197 247 241 101 189 208 214 64 236 238 206 230 225 23 207 134 163 186
76 15 2268 226 121 220 187 242 189 160 151 216 146 155 140 183 219 149 46 228 146 157 125 103 206 205 221 203 60 142 146 246 231
77 15 2210 230 103 172 78 248 112 156 231 122 245 184 137 218 20 242 171 201 175 189 66 219 221 202 93 69 115 206 120 105 17
78 15 2165 26 57 116 86 196 133 142 32 238 76 242 201 229 41 195 67 189 112 250 156 243 14 171 8 223 39 72 193 175 33
79 15 2440 244 239 218 180 226 113 200 168 140 240 219 201 249 149 213 151 226 16 202 94 248 111 107 143 228 179 142 175 189 80
80 15 2344 184 75 69 173 186 210 196 161 220 238 235 183 228 150 183 234 248 74 193 127 243 125 156 17 240 72 213 217 136 134
81 15 2307 196 5 205 233 217 22 171 219 225 69 135 75 77 241 196 59 238 231 206 217 173 205 232 139 163 166 219 114 231 112
82 15 2382 246 225 209 79 244 10 231 227 153 191 233 82 235 205 236 89 115 232 226 76 240 162 172 243 178 22 93 129 167 83
83 15 2443 242 175 216 244 188 64 185 27 241 148 250 32 235 144 227 218 146 15 169 230 157 20 181 142 170 152 245 107 202 51
84 15 2162 170 126 151 127 200 229 197 224 133 36 229 110 208 135 232 211 241 187 213 60 132 105 105 138 175 177 133 227 184 78
85 15 2199 124 197 94 29 248 53 128 242 154 25 231 148 214 18 249 223 111 215 244 171 243 6 225 71 142 124 163 223 179 98
86 15 1962 198 250 147 198 203 154 220 119 173 194 222 10 210 118 211 174 163 79 68 139 110 183 168 64 177 175 19 136 164 88
87 15 2264 109 194 216 225 141 129 201 177 63 161 202 3 216 242 228 30 153 130 209 118 180 43 220 1 234 146 213 115 246 73
88 15 2205 215 195 231 198 245 183 157 50 237 54 128 192 176 39 127 50 231 11 216 226 144 54 138 219 84 25 202 175 226 83
89 15 2576 215 10 239 97 239 119 186 227 237 191 220 36 183 4 234 8 180 247 231 106 243 146 197 13 237 99 161 106 218 103
90 15 2508 232 245 208 22 250 106 202 65 205 19 215 157 206 187 178 41 202 25 214 123 243 144 184 75 175 86 233 141 188 102
91 15 2137 236 38 129 195 181 242 136 118 236 241 208 7 247 28 182 68 181 66 198 115 122 67 135 154 143 7 117 163 221 67
92 15 2269 70 14 222 206 120 222 217 75 239 188 146 240 206 218 185 150 222 120 172 108 213 235 191 205 199 7 196 183 239 31
93 15 2307 137 141 191 152 231 50 235 16 181 214 173 86 194 20 224 33 209 69 199 29 137 55 114 100 242 126 211 72 206 80
94 15 2419 134 12 190 26 187 10 167 28 245 9 179 18 242 11 234 142 203 191 247 147 214 82 233 186 189 91 216 19 144 98
95 15 2512 239 39 235 52 213 67 175 109 242 50 227 144 192 85 198 108 215 94 161 182 137 16 230 240 239 96 230 32 208 66
96 15 2168 220 180 201 192 141 36 214 240 234 247 161 82 174 186 128 158 240 187 162 187 185 107 130 196 223 136 142 137 156 14
97 15 2111 238 132 70 176 198 164 210 230 218 226 217 217 119 41 217 88 180 138 138 73 32 104 193 34 225 244 143 196 241 186
98 15 2180 147 16 220 247 197 174 208 142 238 181 132 171 143 53 130 73 180 178 203 154 228 193 241 242 190 95 184 100 85 163
99 15 2573 206 32 217 248 207 66 221 167 205 244 201 61 234 27 168 30 235 40 234 6 248 84 210 152 198 54 200 214 233 187
100 15 2024 88 156 165 141 207 240 190 26 143 240 204 98 237 93 180 55 145 164 103 114 92 161 127 53 171 130 242 122 237 111
101 15 2064 86 223 170 9 137 53 176 125 92 108 230 16 233 238 165 168 114 213 161 38 173 248 234 232 204 211 173 91 233 4
102 15 2300 228 192 202 92 120 220 170 164 234 97 234 27 191 160 178 142 157 136 205 244 203 63 165 30 126 206 250 84 213 230
103 15 2268 195 55 243 99 46 157 226 106 193 149 152 9 160 194 246 101 249 68 221 181 232 166 48 20 245 167 223 17 157 174
104 15 2336 228 190 200 202 154 94 215 78 243 23 208 20 231 243 138 131 217 60 236 1 175 7 176 5 220 4 228 165 52 226
105 15 2397 248 204 230 83 223 78 240 165 200 94 231 145 177 71 60 48 225 183 234 15 183 36 246 245 234 164 93 14 173 154
106 15 2440 153 184 219 69 208 56 221 160 226 142 240 7 235 168 126 159 115 206 243 220 247 179 115 177 233 52 236 131 234 203
107 15 2232 145 51 232 237 197 118 157 235 199 41 159 119 121 117 142 201 191 114 196 118 249 123 234 202 243 210 139 66 186 16
108 15 2339 176 237 184 107 214 139 235 171 66 196 200 153 174 31 192 62 239 48 241 156 217 71 133 195 190 26 239 29 224 70
109 15 2425 230 218 174 62 230 17 174 82 159 112 170 53 248 240 171 45 247 95 226 221 228 96 187 159 163 239 197 205 228 138
110 15 2612 249 228 228 20 153 60 210 129 240 214 190 214 250 175 226 2 189 86 214 247 245 113 250 92 248 42 189 93 184 79
111 15 2356 178 82 206 3 231 99 170 189 238 78 96 238 230 188 179 250 178 219 245 204 217 52 225 102 159 33 199 23 194 58
112 15 2515 245 215 133 169 243 236 240 82 207 163 223 202 223 179 188 43 240 185 238 95 249 182 183 239 198 152 241 161 93 42
113 15 2192 173 132 171 64 179 78 227 12 214 25 237 171 111 161 233 116 207 176 118 114 87 16 235 229 120 127 214 3 214 22
114 15 2432 199 238 136 165 191 135 231 4 171 162 240 38 249 167 247 4 244 72 204 196 148 34 171 56 210 170 245 101 154 44
115 15 2336 232 105 229 47 206 133 239 144 171 74 214 8 195 224 182 83 141 204 56 134 205 216 209 119 226 75 206 94 210 102
116 15 2334 236 196 141 185 220 230 112 104 222 155 208 14 244 229 170 198 153 193 219 175 120 125 232 187 238 66 236 96 167 103
117 15 2298 175 8 192 203 193 206 138 105 226 174 94 229 237 234 239 13 207 194 231 242 245 128 249 129 121 100 223 180 103 218
118 15 2442 201 185 227 64 228 198 209 142 159 114 247 43 233 139 182 143 232 11 232 139 220 78 102 249 213 157 205 223 163 124
119 15 2127 223 192 246 26 147 81 213 156 229 36 135 77 26 3 213 179 150 95 114 92 141 112 173 80 227 124 199 29 223 6
120 15 2426 219 116 153 13 197 240 231 211 238 230 195 145 208 131 226 32 186 214 250 98 156 199 215 247 238 145 114 181 207 187
121 15 2400 140 22 173 15 195 21 245 112 230 128 183 70 234 148 232 120 109 38 248 55 191 238 191 232 183 185 213 49 233 138
122 15 2304 182 92 122 109 108 46 209 167 239 126 156 216 132 62 247 238 240 186 245 150 193 80 210 75 220 23 210 189 167 74
123 15 2372 185 119 197 67 213 183 189 111 228 248 208 167 210 228 164 33 211 234 130 191 225 237 250 171 94 212 231 8 231 84
124 15 2103 150 169 132 97 75 82 132 14 172 48 236 236 221 24 215 38 204 136 212 216 183 107 75 137 213 221 214 109 195 213
125 15 2301 120 129 215 233 205 234 217 95 235 69 73 245 245 166 202 14 174 151 203 212 174 143 149 99 205 24 232 207 228 107
126 15 2461 104 223 229 16 177 212 250 149 231 213 138 11 241 135 233 98 201 19 212 32 207 24 189 144 220 13 248 99 197 169
127 15 2314 222 25 230 97 129 126 235 12 115 5 208 150 178 78 125 238 241 67 150 94 221 241 242 178 250 227 233 47 114 170
128 15 2261 241 236 208 178 147 105 237 74 122 13 208 250 130 41 149 48 231 169 151 123 234 42 219 166 155 80 145 246 250 47
129 15 1940 247 73 148 88 155 177 199 195 145 233 140 7 178 205 95 65 170 78 127 8 105 30 178 49 154 121 198 226 186 80
130 15 2204 106 248 108 115 174 248 90 35 180 207 237 248 250 187 154 32 241 84 174 62 204 2 249 71 172 38 189 195 227 90
131 15 2130 179 61 53 61 144 187 155 104 157 248 131 194 200 234 160 145 185 28 221 58 212 66 231 219 222 133 195 121 218 145
132 15 2384 111 29 213 108 169 65 234 200 243 184 178 221 181 161 239 154 240 179 202 86 248 4 202 60 226 50 198 173 96 116
133 15 2566 204 153 235 185 223 71 244 71 243 23 207 157 160 132 243 72 230 170 183 158 210 70 233 114 199 64 197 167 197 168
134 15 2223 143 95 174 132 194 180 150 154 185 242 238 30 248 47 214 177 163 235 79 39 248 187 118 36 157 17 236 84 232 246
135 15 2194 191 62 85 212 215 128 200 20 163 81 202 167 242 135 137 192 168 132 128 6 249 227 191 194 89 162 244 88 239 39
136 15 2186 185 192 177 85 183 210 132 14 103 204 132 237 207 199 245 204 246 104 188 66 187 160 164 246 177 71 172 44 235 36
137 15 2303 245 242 152 242 206 245 241 121 241 57 228 210 245 215 188 36 150 77 101 212 243 170 133 99 177 127 239 242 90 15
138 15 2430 238 100 235 44 237 129 163 16 171 48 245 108 125 85 245 14 147 159 245 25 164 209 236 19 165 176 175 158 247 205
139 15 2292 166 187 244 214 204 234 204 120 220 249 198 27 182 148 239 220 220 76 146 80 168 135 212 39 177 96 115 57 171 50
140 15 2372 133 171 211 111 246 227 91 240 229 82 215 102 230 21 138 112 227 96 236 210 242 200 199 208 242 14 172 18 154 141
141 15 2301 245 134 175 27 147 124 224 157 233 9 248 192 214 15 229 40 197 98 154 130 195 208 209 143 72 99 186 18 149 20
142 15 2421 174 8 192 187 244 220 236 180 150 77 113 225 161 110 232 3 233 240 220 48 218 105 200 226 240 26 238 13 176 83
143 15 2299 164 151 225 85 116 227 190 40 161 41 239 222 247 215 211 214 243 172 249 23 120 35 104 124 233 150 167 234 205 180
144 15 2404 229 30 242 154 246 48 219 199 190 4 135 58 105 180 174 58 215 164 236 18 198 215 215 155 245 184 143 49 214 95
145 15 2402 234 47 250 46 70 89 117 233 242 115 124 122 242 240 244 91 216 116 242 171 210 115 233 187 173 89 248 115 158 242
146 15 2331 89 171 214 6 114 143 212 206 219 227 238 42 184 163 198 84 249 42 211 67 249 233 177 223 141 91 207 133 212 39
147 15 2403 248 192 207 148 236 55 239 55 234 133 81 145 244 169 208 140 249 130 121 127 181 67 172 140 228 54 190 5 166 226
148 15 2446 212 146 146 9 174 142 246 88 142 192 210 72 246 110 210 151 247 210 220 243 229 104 174 211 207 138 165 2 230 159
149 15 2280 223 89 201 216 189 155 193 61 233 161 131 151 72 12 112 140 226 14 151 137 213 247 212 61 245 99 226 244 224 41
150 15 2252 221 247 236 64 108 145 244 100 187 160 155 23 204 116 244 211 47 124 245 27 158 4 175 17 148 24 224 9 219 171
151 15 2503 196 60 226 1 236 28 154 108 209 214 221 79 223 123 231 236 201 23 239 115 122 212 243 159 244 66 247 11 137 87
152 15 2262 139 141 165 91 141 249 222 157 234 69 160 185 127 13 209 6 70 160 243 243 249 117 202 188 250 11 170 125 247 114
153 15 2313 188 42 179 204 63 121 166 121 141 6 250 77 193 244 239 143 152 62 208 114 238 13 240 157 208 187 220 133 207 19
154 15 2288 236 66 218 19 160 214 239 82 189 60 96 225 133 100 229 85 192 84 179 227 206 194 243 151 233 128 164 92 143 116
155 15 2147 217 105 211 185 160 160 144 89 205 178 146 197 210 175 227 104 117 81 205 201 201 222 185 20 162 16 101 159 193 179
156 15 2220 142 33 201 129 163 87 112 194 209 249 151 120 217 208 128 29 227 222 230 6 239 100 137 93 160 112 218 80 242 244
157 15 2289 206 196 232 159 170 123 244 199 234 112 225 33 120 195 118 175 244 239 246 170 205 83 193 120 118 135 101 41 206 143
158 15 2187 172 233 207 31 84 162 201 33 227 55 215 144 148 30 168 180 185 51 221 128 137 194 122 179 231 170 239 149 177 238
159 15 2187 84 85 58 82 191 224 233 68 225 192 183 247 170 26 203 83 240 158 214 176 219 201 165 151 211 138 152 24 186 241
160 15 2568 249 148 200 63 173 100 179 145 215 217 250 214 186 108 208 102 200 200 208 140 245 211 210 224 219 40 247 92 221 237
161 15 2164 242 243 109 6 200 233 130 151 110 194 194 212 183 156 241 37 223 210 220 137 214 54 156 66 146 115 113 82 224 105
162 15 2542 195 23 157 117 225 95 196 207 242 106 229 246 234 158 237 106 217 100 244 118 175 125 203 211 221 120 208 46 195 197
163 15 2504 245 97 172 216 222 92 211 139 233 192 215 167 232 91 217 181 246 109 56 8 223 220 180 82 202 9 243 151 233 56
164 15 2437 241 228 215 218 243 138 238 105 195 96 207 200 143 108 248 39 181 53 154 167 152 33 215 90 195 151 219 237 201 52
165 15 2114 113 124 98 177 228 211 222 170 169 147 142 68 191 146 127 74 204 109 136 46 210 174 201 182 189 182 208 160 205 210
166 15 2476 245 15 179 100 170 147 227 16 212 1 229 37 169 143 181 45 182 225 230 194 215 17 240 109 241 174 200 94 175 112
167 15 2145 61 151 193 116 211 104 230 9 191 153 242 206 218 26 98 62 168 25 84 92 167 28 225 246 126 135 234 49 234 99
168 15 2304 239 25 199 106 201 136 130 229 206 160 184 115 177 154 209 194 197 222 207 148 202 32 186 188 162 171 140 61 242 163
169 15 2373 151 93 147 106 240 213 210 68 249 4 211 143 199 111 214 157 179 206 240 156 176 110 235 67 93 226 175 59 248 172
170 15 2492 225 69 248 209 208 12 217 145 178 222 241 164 129 90 123 189 242 59 224 78 220 176 235 250 237 99 228 120 160 110
171 15 2413 224 93 145 141 231 68 249 102 207 145 196 211 188 103 241 106 223 136 152 137 216 56 214 188 163 200 134 56 234 22
172 15 2335 28 234 235 236 155 178 245 208 233 17 212 104 160 148 193 82 190 209 228 103 250 87 238 139 186 53 209 203 157 86
173 15 2089 245 146 93 32 209 116 238 3 59 67 68 91 145 182 210 168 196 94 109 93 206 104 239 166 150 169 206 172 239 225
174 15 2224 214 224 180 91 167 16 172 120 114 35 204 83 148 232 153 244 199 151 219 185 166 10 159 35 210 246 236 66 240 179
175 15 2247 249 240 236 129 200 246 192 116 213 47 125 13 218 159 199 77 56 94 203 85 53 70 172 137 206 46 244 73 243 85
176 15 2504 190 35 197 69 177 146 208 31 201 105 237 96 235 239 110 157 241 233 235 88 248 184 210 90 173 247 237 42 231 149
177 15 2319 222 26 243 67 169 132 170 117 167 199 132 13 152 33 248 210 142 87 244 40 233 249 139 187 222 9 239 31 177 224
178 15 2461 198 155 147 250 216 212 159 110 189 227 231 64 224 234 207 81 235 79 242 132 187 38 208 64 246 120 179 120 209 250
179 15 2102 106 120 173 219 236 19 100 35 232 133 119 196 210 210 202 199 175 249 93 78 203 238 104 158 238 74 237 73 200 13
180 15 2281 154 170 165 140 173 90 130 190 230 34 223 238 235 147 224 188 217 227 205 91 191 38 239 23 161 96 216 107 89 62
181 15 2168 248 60 222 94 89 92 205 134 139 155 211 40 75 46 155 239 234 219 149 210 235 127 209 226 108 223 239 10 193 239
182 15 2307 211 69 220 65 152 22 143 198 215 160 240 148 183 115 188 111 178 155 207 90 124 194 221 131 219 193 155 127 228 61
183 15 2307 120 245 238 73 239 40 249 147 169 127 153 152 128 80 219 30 245 55 200 76 171 75 219 204 135 121 182 35 217 186
184 15 2121 243 39 124 173 206 165 193 4 186 129 191 194 204 119 136 65 230 37 96 177 73 65 231 115 136 95 224 108 179 91
185 15 2308 116 146 230 43 248 57 236 110 108 195 202 224 224 36 109 109 192 104 234 46 123 29 247 78 220 134 223 33 173 113
186 15 2324 249 61 244 16 209 232 237 37 116 205 163 96 203 197 216 128 227 171 50 47 144 32 241 239 206 36 209 187 192 50
187 15 2162 232 162 119 50 171 158 250 67 69 199 247 124 131 138 148 90 243 250 247 57 72 53 218 208 116 94 197 211 243 47
188 15 2532 198 20 219 19 240 160 222 122 247 95 160 106 239 180 218 250 220 207 174 242 185 16 195 159 230 24 231 137 187 88
189 15 2193 172 51 222 158 172 155 130 83 232 163 114 133 184 66 225 97 216 170 173 140 205 196 83 53 182 38 235 153 197 133
190 15 2225 145 50 192 170 242 51 183 91 100 72 235 62 227 249 235 19 201 33 238 133 188 2 134 118 190 27 159 233 113 132
191 15 2223 179 209 181 224 152 54 194 193 197 207 246 115 121 160 218 164 182 120 129 205 207 197 240 249 247 20 74 193 212 145
192 15 2408 149 62 238 250 181 43 230 33 154 235 240 151 173 64 211 106 237 158 227 203 216 106 126 27 215 121 199 234 214 172
193 15 2336 230 173 161 81 230 214 153 127 243 209 158 95 242 163 138 19 139 66 217 204 240 245 104 40 216 222 223 57 226 174
194 15 2572 220 44 193 145 221 2 230 58 225 175 239 92 229 70 239 3 219 95 190 152 222 175 232 78 195 101 166 237 195 191
195 15 2164 173 5 119 69 241 172 235 196 182 57 207 32 109 147 240 69 233 178 119 248 211 120 165 225 124 49 137 233 210 212
196 15 2488 223 226 220 131 224 244 184 163 169 132 210 163 94 113 227 76 233 110 221 11 236 44 235 114 200 30 245 129 189 217
197 15 2439 187 219 156 21 197 156 246 146 219 90 184 35 130 132 201 189 222 178 239 229 113 191 246 2 244 49 233 165 232 109
198 15 2345 210 197 242 45 182 107 167 203 187 242 248 56 210 220 181 190 235 37 172 41 203 187 60 214 249 217 157 177 229 196
199 15 2464 196 139 222 77 228 235 222 152 222 102 229 89 139 92 213 173 246 171 206 189 217 30 249 51 200 126 97 63 195 175
200 15 2351 234 16 221 130 249 65 166 77 246 135 230 16 194 240 72 236 174 235 245 45 242 73 150 149 195 141 211 147 110 249
201 15 2373 241 73 219 233 167 62 230 186 201 219 166 179 143 56 177 23 182 144 142 127 194 149 181 235 231 206 250 99 243 233
202 15 2254 241 135 189 236 238 87 99 13 128 115 227 68 200 186 236 118 213 206 167 83 209 193 215 44 149 235 67 51 240 165
203 15 2346 197 135 82 21 245 82 178 131 246 26 162 191 246 6 247 103 107 154 190 238 232 185 250 218 156 103 157 47 238 198
204 15 2477 122 108 239 219 201 75 179 81 245 193 226 76 83 136 181 128 245 184 248 206 248 37 231 165 240 139 211 169 198 172
205 15 2227 98 115 206 244 246 206 243 28 250 209 167 86 102 214 160 175 240 127 160 148 221 116 117 128 158 147 166 41 250 243
206 15 2334 189 235 211 193 123 20 178 78 238 104 231 12 234 147 144 205 241 151 228 92 156 37 228 134 90 77 180 14 247 138
207 15 2270 110 222 218 129 218 17 123 196 219 140 175 50 227 184 169 133 86 134 207 218 223 49 185 141 223 229 206 240 249 113
208 15 2124 39 39 138 29 204 181 105 248 123 50 207 88 231 186 159 175 227 244 246 247 127 161 224 156 234 70 211 137 181 31
209 15 2316 237 1 241 6 219 29 138 173 249 100 99 120 206 158 208 97 127 248 207 122 177 184 184 204 191 8 162 15 250 191
210 15 2375 167 207 168 100 210 225 148 129 220 141 179 220 239 31 205 90 118 121 188 136 237 220 217 76 241 15 184 200 248 14
211 15 2368 241 17 233 169 107 182 180 103 201 186 199 219 210 182 215 22 207 244 192 35 217 244 234 250 195 74 178 174 152 116
212 15 2328 242 44 220 206 188 244 249 234 161 35 242 78 248 143 243 9 172 122 42 225 193 78 152 55 174 11 218 247 167 63
213 15 2442 202 93 192 29 196 230 248 9 218 157 234 234 206 174 217 127 214 168 170 31 111 49 147 128 249 145 202 18 247 109
214 15 2528 108 146 249 86 204 48 207 24 247 217 247 27 247 75 201 146 222 7 240 87 207 26 195 158 192 15 152 30 243 201
215 15 2256 148 12 185 180 124 178 180 42 245 48 187 123 153 100 201 217 246 239 168 200 241 126 135 19 243 213 228 226 137 64
216 15 2356 162 247 167 50 161 33 204 15 175 220 232 162 215 194 189 30 168 12 186 78 158 197 243 244 228 250 229 33 229 177
217 15 2270 181 188 199 31 248 121 84 6 231 230 218 28 134 29 208 67 222 225 237 206 209 131 200 21 143 117 225 123 99 26
218 15 2219 193 83 161 96 210 39 218 78 102 195 193 124 223 43 109 227 204 164 196 134 214 242 155 210 179 57 192 115 225 204
219 15 2148 215 207 144 230 159 65 215 52 178 228 211 67 195 47 204 221 158 160 84 56 239 24 92 134 229 124 234 245 129 171
220 15 2500 235 217 239 174 172 151 232 201 152 106 224 166 219 150 246 222 205 182 238 173 219 220 228 182 233 174 114 200 170 138
221 15 2180 143 216 248 247 210 22 134 173 141 176 108 85 124 204 230 20 211 43 224 38 167 6 194 198 223 181 204 62 164 23
222 15 2434 225 34 171 115 225 97 249 190 224 96 149 125 200 48 194 128 241 218 124 85 248 209 223 250 215 117 215 246 140 234
223 15 2252 216 118 200 21 212 80 192 88 128 153 94 195 247 18 183 237 227 247 119 149 157 166 204 54 230 95 180 83 226 161
224 15 2373 242 229 224 36 169 154 226 231 222 210 152 160 238 194 220 188 161 250 241 46 198 88 122 44 216 124 134 77 202 38
225 15 2218 247 82 162 208 191 234 225 158 163 178 195 117 190 113 81 179 193 146 246 186 133 85 170 242 171 160 214 16 192 100
226 15 2152 146 142 127 3 227 162 115 194 46 163 248 190 87 152 210 151 218 83 229 204 239 234 208 220 224 32 220 229 146 62
227 15 2446 117 226 238 217 239 241 226 35 59 53 145 60 227 148 232 118 178 10 237 201 240 230 191 247 241 249 247 19 241 200
228 15 2060 144 49 182 232 89 201 226 107 212 74 109 211 150 86 168 12 182 15 174 218 93 129 238 229 226 193 195 146 188 124
229 15 2600 220 182 230 112 194 69 232 142 213 34 187 12 216 44 246 164 229 132 193 48 240 159 198 143 208 83 196 51 248 6
230 15 2188 220 135 142 23 186 29 227 215 250 40 176 61 137 246 239 4 80 50 138 190 229 6 190 13 191 53 205 115 126 203
231 15 2085 168 215 198 219 120 72 134 165 146 250 139 208 69 102 241 34 188 117 133 212 189 241 201 93 242 54 236 176 203 177
232 15 2380 226 10 167 25 171 63 148 38 151 53 244 136 172 225 243 201 235 132 99 158 172 181 236 36 227 63 236 108 248 33
233 15 2521 240 48 228 84 228 86 167 133 221 73 250 102 231 156 192 113 234 71 131 185 136 183 199 27 232 195 231 122 232 38
234 15 2408 179 47 218 239 243 115 204 195 130 9 177 152 226 13 215 175 187 78 233 166 189 77 241 193 180 95 228 216 160 65
235 15 2268 221 59 208 47 198 110 182 183 232 224 148 106 203 22 210 46 232 233 183 188 227 119 124 96 167 87 225 238 76 27
236 15 2252 248 94 169 60 191 72 167 48 134 78 100 207 205 204 236 124 234 88 215 68 144 226 229 88 181 55 168 1 195 81
237 15 2385 233 190 190 22 193 101 223 100 197 3 164 169 123 250 232 41 171 2 165 31 246 174 203 166 159 239 249 120 234 40
238 15 2221 188 95 209 147 196 202 204 105 196 50 169 39 143 129 228 103 153 207 168 194 91 144 246 243 146 165 213 165 227 159
239 15 2532 221 104 230 29 232 30 208 247 240 133 195 108 150 148 204 230 152 158 225 3 218 226 237 153 210 206 245 9 199 49
240 15 2202 234 103 229 30 105 15 170 101 239 87 164 31 98 219 231 35 91 95 225 80 186 16 250 9 133 120 171 128 227 42
241 15 1944 102 169 247 180 232 129 224 19 197 195 107 132 99 153 205 52 182 36 250 160 92 178 147 211 187 110 19 135 141 217
242 15 2114 75 244 114 45 137 12 85 172 232 123 179 147 229 133 155 59 243 78 162 227 240 98 211 79 151 14 192 96 238 10
243 15 2186 102 119 181 148 154 52 202 84 223 94 212 211 182 2 94 245 225 206 204 191 244 2 213 193 226 44 102 130 169 80
244 15 2229 131 63 173 20 207 187 199 147 206 163 165 39 241 123 215 236 244 117 158 39 128 54 203 112 95 222 185 234 237 57
245 15 2477 133 8 231 19 189 131 216 38 244 96 245 42 245 20 159 139 181 170 218 188 173 12 218 145 171 206 232 63 242 137
246 15 2071 220 217 87 218 164 92 243 210 250 189 124 219 208 92 172 145 175 177 211 155 128 113 116 33 192 152 150 8 149 94
247 15 2349 222 4 229 224 242 237 195 82 116 233 214 42 234 1 184 87 238 61 216 190 76 55 193 85 162 129 246 80 170 19
248 15 2304 153 150 198 81 235 185 232 197 195 52 173 172 124 155 157 162 238 198 205 187 158 211 116 211 241 139 219 32 237 173
249 15 2547 174 230 180 75 218 15 183 232 244 151 198 22 221 248 221 71 216 227 222 141 246 114 239 195 237 144 216 87 169 174
250 15 2325 201 126 199 10 196 146 235 198 100 250 163 23 133 24 243 184 219 30 182 87 161 178 234 125 219 136 228 146 194 106
