2 10 84 18 39 7 38 24 27 8 32 20 11 9 20 4 9 5 12 7 45 3 49
3 10 84 24 27 5 12 8 32 20 11 3 49 18 39 7 45 7 38 9 20 4 9
4 10 84 24 27 4 9 5 12 7 38 20 11 8 32 9 20 18 39 7 45 3 49
5 10 84 20 11 7 45 18 39 9 20 7 38 24 27 4 9 5 12 8 32 3 49
6 10 84 3 49 18 39 9 20 24 27 7 38 8 32 20 11 5 12 4 9 7 45
7 10 84 18 39 24 27 8 32 9 20 7 45 20 11 3 49 7 38 5 12 4 9
8 10 84 20 11 3 49 7 38 24 27 4 9 5 12 18 39 8 32 9 20 7 45
9 10 84 9 20 4 9 20 11 24 27 3 49 7 38 8 32 18 39 7 45 5 12
10 10 84 24 27 4 9 20 11 7 45 8 32 3 49 5 12 9 20 18 39 7 38
11 10 84 3 49 9 20 8 32 7 45 24 27 4 9 18 39 7 38 20 11 5 12
12 10 84 3 49 7 38 20 11 24 27 8 32 7 45 4 9 18 39 9 20 5 12
13 10 84 9 20 18 39 7 38 8 32 3 49 4 9 24 27 20 11 5 12 7 45
14 10 84 9 20 5 12 3 49 8 32 4 9 7 45 18 39 20 11 7 38 24 27
15 10 84 7 45 4 9 9 20 24 27 5 12 3 49 7 38 20 11 8 32 18 39
16 10 84 7 38 7 45 8 32 18 39 5 12 4 9 3 49 9 20 24 27 20 11
17 10 84 5 12 24 27 3 49 4 9 18 39 8 32 20 11 7 45 7 38 9 20
18 10 84 7 38 5 12 4 9 3 49 9 20 24 27 20 11 18 39 8 32 7 45
19 10 84 24 27 20 11 7 45 7 38 4 9 3 49 5 12 8 32 9 20 18 39
20 10 84 20 11 18 39 7 45 7 38 8 32 5 12 24 27 4 9 9 20 3 49
21 10 84 9 20 24 27 18 39 7 38 5 12 7 45 8 32 4 9 20 11 3 49
22 10 84 7 38 3 49 9 20 5 12 18 39 20 11 4 9 24 27 8 32 7 45
23 10 84 8 32 5 12 20 11 4 9 9 20 7 45 7 38 3 49 18 39 24 27
24 10 84 7 38 20 11 5 12 24 27 3 49 9 20 7 45 4 9 8 32 18 39
25 10 84 8 32 18 39 7 38 5 12 7 45 4 9 20 11 9 20 24 27 3 49
26 10 84 4 9 7 45 24 27 7 38 3 49 8 32 5 12 20 11 18 39 9 20
27 10 84 4 9 3 49 18 39 5 12 7 38 24 27 9 20 20 11 7 45 8 32
28 10 84 4 9 7 45 8 32 18 39 20 11 7 38 24 27 5 12 3 49 9 20
29 10 84 18 39 9 20 8 32 4 9 7 45 20 11 7 38 24 27 3 49 5 12
30 10 84 8 32 7 45 3 49 5 12 18 39 9 20 7 38 4 9 24 27 20 11
31 10 84 7 38 8 32 20 11 7 45 4 9 5 12 9 20 18 39 24 27 3 49
32 10 84 8 32 3 49 20 11 9 20 18 39 24 27 7 38 7 45 4 9 5 12
33 10 84 8 32 20 11 5 12 18 39 7 38 24 27 3 49 9 20 7 45 4 9
34 10 84 18 39 7 38 9 20 4 9 5 12 7 45 3 49 20 11 24 27 8 32
35 10 84 3 49 7 45 4 9 20 11 24 27 7 38 9 20 18 39 5 12 8 32
36 10 84 4 9 7 38 8 32 20 11 3 49 18 39 5 12 9 20 24 27 7 45
37 10 84 20 11 7 38 5 12 24 27 7 45 9 20 18 39 8 32 4 9 3 49
38 10 84 4 9 5 12 7 45 7 38 24 27 18 39 3 49 8 32 20 11 9 20
39 10 84 5 12 9 20 18 39 7 45 8 32 7 38 24 27 3 49 4 9 20 11
40 10 84 8 32 4 9 24 27 3 49 7 45 20 11 18 39 5 12 7 38 9 20
41 10 84 9 20 8 32 3 49 5 12 18 39 20 11 7 38 4 9 24 27 7 45
42 10 84 20 11 18 39 9 20 5 12 4 9 8 32 24 27 7 45 3 49 7 38
43 10 84 4 9 5 12 7 38 9 20 3 49 24 27 7 45 8 32 20 11 18 39
44 10 84 5 12 7 45 4 9 7 38 8 32 18 39 3 49 20 11 24 27 9 20
45 10 84 20 11 8 32 3 49 9 20 18 39 7 38 24 27 7 45 4 9 5 12
46 10 84 24 27 5 12 18 39 7 45 9 20 3 49 7 38 20 11 8 32 4 9
47 10 84 7 45 9 20 18 39 7 38 24 27 20 11 3 49 4 9 8 32 5 12
48 10 84 9 20 4 9 3 49 5 12 20 11 8 32 24 27 7 45 18 39 7 38
49 10 84 4 9 7 38 20 11 9 20 5 12 18 39 8 32 24 27 3 49 7 45
50 10 84 24 27 7 45 7 38 20 11 5 12 9 20 4 9 3 49 8 32 18 39
51 10 84 3 49 4 9 8 32 7 45 24 27 5 12 7 38 20 11 9 20 18 39
52 10 84 24 27 3 49 18 39 9 20 5 12 7 38 8 32 7 45 4 9 20 11
53 10 84 24 27 20 11 3 49 7 45 9 20 8 32 5 12 7 38 18 39 4 9
54 10 84 9 20 24 27 4 9 20 11 7 38 8 32 5 12 3 49 7 45 18 39
55 10 84 24 27 3 49 18 39 4 9 9 20 7 45 8 32 7 38 20 11 5 12
56 10 84 24 27 5 12 3 49 18 39 7 38 4 9 9 20 7 45 8 32 20 11
57 10 84 5 12 8 32 3 49 7 45 9 20 20 11 18 39 4 9 7 38 24 27
58 10 84 9 20 7 45 7 38 5 12 20 11 8 32 3 49 4 9 18 39 24 27
59 10 84 18 39 9 20 7 45 4 9 7 38 24 27 8 32 5 12 3 49 20 11
60 10 84 3 49 9 20 18 39 24 27 20 11 7 38 5 12 4 9 8 32 7 45
61 10 84 9 20 7 38 3 49 24 27 7 45 5 12 20 11 8 32 18 39 4 9
62 10 84 5 12 3 49 4 9 18 39 7 45 7 38 24 27 20 11 8 32 9 20
63 10 84 9 20 8 32 4 9 24 27 18 39 7 45 3 49 7 38 5 12 20 11
64 10 84 18 39 20 11 7 45 5 12 8 32 3 49 4 9 24 27 7 38 9 20
65 10 84 3 49 20 11 18 39 5 12 7 38 7 45 8 32 4 9 24 27 9 20
66 10 84 8 32 20 11 7 45 9 20 5 12 7 38 24 27 18 39 4 9 3 49
67 10 84 24 27 18 39 7 45 7 38 5 12 3 49 8 32 9 20 20 11 4 9
68 10 84 9 20 5 12 20 11 3 49 8 32 4 9 7 45 18 39 7 38 24 27
69 10 84 3 49 4 9 24 27 9 20 18 39 7 38 5 12 20 11 8 32 7 45
70 10 84 8 32 18 39 7 45 20 11 3 49 4 9 24 27 9 20 7 38 5 12
71 10 84 5 12 9 20 24 27 18 39 4 9 7 45 7 38 20 11 8 32 3 49
72 10 84 3 49 18 39 7 45 20 11 24 27 8 32 9 20 4 9 7 38 5 12
73 10 84 7 45 3 49 4 9 18 39 7 38 5 12 9 20 24 27 8 32 20 11
74 10 84 9 20 18 39 5 12 24 27 20 11 8 32 3 49 4 9 7 45 7 38
75 10 84 24 27 20 11 18 39 3 49 7 38 9 20 8 32 5 12 7 45 4 9
76 10 84 20 11 8 32 9 20 3 49 7 38 24 27 5 12 4 9 7 45 18 39
77 10 84 8 32 9 20 4 9 20 11 5 12 3 49 24 27 7 38 7 45 18 39
78 10 84 18 39 3 49 8 32 5 12 9 20 24 27 7 45 7 38 20 11 4 9
79 10 84 20 11 4 9 3 49 9 20 18 39 24 27 7 38 8 32 5 12 7 45
80 10 84 9 20 18 39 24 27 4 9 3 49 20 11 5 12 7 38 7 45 8 32
81 10 84 7 38 3 49 9 20 18 39 4 9 20 11 24 27 7 45 5 12 8 32
82 10 84 24 27 7 45 5 12 4 9 18 39 3 49 9 20 20 11 8 32 7 38
83 10 84 8 32 9 20 7 45 5 12 4 9 18 39 7 38 3 49 20 11 24 27
84 10 84 4 9 7 38 24 27 8 32 18 39 5 12 3 49 7 45 9 20 20 11
85 10 84 18 39 8 32 7 38 9 20 4 9 7 45 24 27 20 11 3 49 5 12
86 10 84 8 32 24 27 20 11 7 38 4 9 3 49 7 45 5 12 18 39 9 20
87 10 84 8 32 4 9 20 11 18 39 9 20 7 45 5 12 7 38 3 49 24 27
88 10 84 3 49 24 27 8 32 9 20 7 45 7 38 20 11 18 39 4 9 5 12
89 10 84 9 20 3 49 20 11 7 45 8 32 24 27 5 12 7 38 18 39 4 9
90 10 84 24 27 9 20 4 9 18 39 8 32 7 45 7 38 20 11 3 49 5 12
91 10 84 7 38 18 39 9 20 8 32 3 49 20 11 5 12 7 45 24 27 4 9
92 10 84 20 11 24 27 4 9 7 38 3 49 9 20 18 39 7 45 5 12 8 32
93 10 84 7 38 4 9 9 20 8 32 18 39 5 12 24 27 20 11 3 49 7 45
94 10 84 9 20 4 9 20 11 7 38 7 45 5 12 3 49 24 27 18 39 8 32
95 10 84 4 9 5 12 18 39 24 27 3 49 9 20 7 45 7 38 20 11 8 32
96 10 84 5 12 18 39 20 11 3 49 8 32 9 20 24 27 4 9 7 45 7 38
97 10 84 3 49 24 27 9 20 20 11 5 12 7 38 4 9 18 39 8 32 7 45
98 10 84 3 49 5 12 18 39 7 45 4 9 20 11 9 20 24 27 8 32 7 38
99 10 84 7 38 5 12 9 20 4 9 24 27 7 45 20 11 18 39 3 49 8 32
100 10 84 9 20 4 9 18 39 20 11 24 27 5 12 8 32 7 45 7 38 3 49
101 10 84 9 20 5 12 20 11 3 49 7 38 18 39 24 27 4 9 7 45 8 32
102 10 84 18 39 8 32 20 11 9 20 7 38 3 49 5 12 7 45 4 9 24 27
103 10 84 20 11 7 38 9 20 5 12 24 27 7 45 8 32 18 39 4 9 3 49
104 10 84 18 39 3 49 8 32 4 9 7 38 24 27 7 45 5 12 9 20 20 11
105 10 84 4 9 5 12 7 38 3 49 24 27 18 39 8 32 9 20 20 11 7 45
106 10 84 7 38 18 39 8 32 20 11 5 12 4 9 3 49 7 45 24 27 9 20
107 10 84 24 27 5 12 18 39 7 38 7 45 20 11 8 32 9 20 3 49 4 9
108 10 84 7 38 20 11 5 12 8 32 3 49 24 27 4 9 18 39 9 20 7 45
109 10 84 7 45 20 11 4 9 7 38 5 12 3 49 18 39 8 32 24 27 9 20
110 10 84 7 38 9 20 3 49 18 39 8 32 4 9 7 45 24 27 20 11 5 12
111 10 84 20 11 4 9 8 32 3 49 7 45 5 12 9 20 24 27 18 39 7 38
112 10 84 9 20 4 9 24 27 5 12 7 45 20 11 7 38 18 39 8 32 3 49
113 10 84 3 49 8 32 7 45 9 20 7 38 20 11 4 9 24 27 5 12 18 39
114 10 84 8 32 4 9 7 45 7 38 9 20 20 11 5 12 18 39 24 27 3 49
115 10 84 8 32 4 9 3 49 24 27 7 38 5 12 20 11 9 20 18 39 7 45
116 10 84 7 38 3 49 7 45 4 9 24 27 8 32 20 11 18 39 5 12 9 20
117 10 84 24 27 8 32 3 49 4 9 9 20 7 38 18 39 20 11 7 45 5 12
118 10 84 20 11 3 49 7 45 8 32 7 38 24 27 5 12 4 9 9 20 18 39
119 10 84 7 45 4 9 24 27 9 20 5 12 7 38 8 32 20 11 3 49 18 39
120 10 84 7 38 7 45 4 9 8 32 18 39 5 12 20 11 3 49 24 27 9 20
121 10 84 4 9 8 32 5 12 7 38 20 11 9 20 7 45 24 27 18 39 3 49
122 10 84 7 38 18 39 9 20 5 12 24 27 4 9 3 49 8 32 20 11 7 45
123 10 84 20 11 24 27 5 12 3 49 7 38 18 39 9 20 7 45 8 32 4 9
124 10 84 24 27 7 38 5 12 18 39 4 9 7 45 8 32 3 49 9 20 20 11
125 10 84 4 9 20 11 8 32 18 39 9 20 7 45 5 12 3 49 7 38 24 27
126 10 84 20 11 5 12 18 39 7 38 3 49 24 27 7 45 8 32 9 20 4 9
127 10 84 5 12 4 9 20 11 7 38 8 32 24 27 18 39 3 49 7 45 9 20
128 10 84 9 20 24 27 18 39 4 9 7 45 20 11 5 12 8 32 3 49 7 38
129 10 84 9 20 24 27 7 45 20 11 7 38 8 32 3 49 4 9 5 12 18 39
130 10 84 5 12 24 27 7 38 3 49 9 20 18 39 4 9 8 32 20 11 7 45
131 10 84 4 9 9 20 7 38 20 11 24 27 3 49 5 12 7 45 18 39 8 32
132 10 84 20 11 18 39 5 12 24 27 8 32 3 49 7 38 4 9 7 45 9 20
133 10 84 24 27 7 45 4 9 20 11 18 39 5 12 9 20 7 38 3 49 8 32
134 10 84 20 11 7 45 3 49 18 39 4 9 9 20 5 12 24 27 7 38 8 32
135 10 84 9 20 5 12 3 49 18 39 7 38 20 11 7 45 4 9 24 27 8 32
136 10 84 7 45 7 38 8 32 18 39 3 49 5 12 4 9 24 27 9 20 20 11
137 10 84 24 27 20 11 4 9 3 49 18 39 7 45 9 20 5 12 8 32 7 38
138 10 84 7 45 3 49 8 32 5 12 4 9 9 20 18 39 20 11 7 38 24 27
139 10 84 7 38 9 20 7 45 24 27 3 49 4 9 8 32 18 39 5 12 20 11
140 10 84 18 39 20 11 24 27 9 20 7 45 7 38 5 12 3 49 8 32 4 9
141 10 84 7 45 24 27 20 11 8 32 9 20 4 9 18 39 5 12 3 49 7 38
142 10 84 5 12 20 11 3 49 8 32 9 20 7 45 18 39 24 27 4 9 7 38
143 10 84 9 20 7 45 24 27 8 32 20 11 7 38 5 12 3 49 4 9 18 39
144 10 84 5 12 7 38 7 45 24 27 18 39 20 11 8 32 3 49 9 20 4 9
145 10 84 18 39 4 9 5 12 7 45 9 20 20 11 3 49 24 27 7 38 8 32
146 10 84 5 12 8 32 4 9 20 11 9 20 18 39 24 27 7 38 7 45 3 49
147 10 84 20 11 8 32 3 49 18 39 7 38 7 45 4 9 24 27 9 20 5 12
148 10 84 5 12 4 9 9 20 8 32 3 49 18 39 7 38 7 45 20 11 24 27
149 10 84 9 20 4 9 7 45 18 39 3 49 7 38 20 11 5 12 8 32 24 27
150 10 84 3 49 7 38 20 11 7 45 5 12 18 39 8 32 9 20 24 27 4 9
151 10 84 7 38 20 11 18 39 7 45 9 20 8 32 24 27 4 9 5 12 3 49
152 10 84 9 20 4 9 18 39 20 11 7 45 7 38 3 49 24 27 5 12 8 32
153 10 84 18 39 7 45 9 20 7 38 3 49 24 27 8 32 20 11 5 12 4 9
154 10 84 18 39 8 32 3 49 4 9 7 38 24 27 20 11 7 45 5 12 9 20
155 10 84 20 11 24 27 7 38 8 32 3 49 18 39 5 12 4 9 7 45 9 20
156 10 84 8 32 7 45 5 12 18 39 4 9 3 49 20 11 7 38 24 27 9 20
157 10 84 5 12 7 38 8 32 4 9 7 45 20 11 3 49 18 39 9 20 24 27
158 10 84 9 20 4 9 5 12 18 39 7 45 24 27 3 49 7 38 8 32 20 11
159 10 84 24 27 18 39 9 20 7 45 4 9 20 11 3 49 7 38 8 32 5 12
160 10 84 3 49 4 9 9 20 7 38 24 27 5 12 8 32 7 45 18 39 20 11
161 10 84 9 20 7 45 4 9 8 32 5 12 24 27 3 49 7 38 20 11 18 39
162 10 84 5 12 18 39 3 49 7 38 9 20 8 32 20 11 4 9 24 27 7 45
163 10 84 9 20 8 32 18 39 3 49 5 12 24 27 7 38 20 11 7 45 4 9
164 10 84 4 9 24 27 7 45 7 38 20 11 18 39 3 49 9 20 5 12 8 32
165 10 84 9 20 24 27 8 32 20 11 5 12 7 45 3 49 7 38 18 39 4 9
166 10 84 24 27 9 20 3 49 4 9 5 12 18 39 7 38 8 32 20 11 7 45
167 10 84 8 32 24 27 4 9 7 38 7 45 18 39 9 20 5 12 20 11 3 49
168 10 84 4 9 5 12 18 39 24 27 8 32 7 45 3 49 20 11 9 20 7 38
169 10 84 4 9 18 39 24 27 5 12 3 49 7 38 7 45 9 20 20 11 8 32
170 10 84 4 9 18 39 24 27 7 38 5 12 20 11 7 45 3 49 9 20 8 32
171 10 84 7 38 8 32 5 12 4 9 20 11 24 27 7 45 9 20 3 49 18 39
172 10 84 24 27 8 32 9 20 4 9 7 45 3 49 7 38 20 11 5 12 18 39
173 10 84 18 39 20 11 24 27 7 45 4 9 7 38 8 32 9 20 5 12 3 49
174 10 84 8 32 7 38 5 12 20 11 18 39 3 49 24 27 9 20 7 45 4 9
175 10 84 7 38 8 32 24 27 3 49 18 39 7 45 9 20 4 9 20 11 5 12
176 10 84 7 38 18 39 4 9 20 11 3 49 7 45 8 32 24 27 9 20 5 12
177 10 84 4 9 3 49 9 20 7 45 20 11 8 32 5 12 24 27 7 38 18 39
178 10 84 3 49 24 27 5 12 9 20 7 45 18 39 7 38 4 9 8 32 20 11
179 10 84 4 9 18 39 3 49 20 11 9 20 7 38 7 45 24 27 8 32 5 12
180 10 84 5 12 8 32 7 45 4 9 9 20 20 11 7 38 24 27 3 49 18 39
181 10 84 9 20 18 39 24 27 7 45 4 9 3 49 7 38 20 11 8 32 5 12
182 10 84 4 9 9 20 7 38 5 12 20 11 18 39 8 32 3 49 24 27 7 45
183 10 84 5 12 9 20 24 27 7 38 18 39 4 9 3 49 8 32 20 11 7 45
184 10 84 9 20 24 27 7 45 20 11 5 12 7 38 8 32 18 39 4 9 3 49
185 10 84 8 32 3 49 5 12 7 38 9 20 18 39 7 45 24 27 4 9 20 11
186 10 84 7 38 8 32 7 45 4 9 20 11 9 20 24 27 18 39 5 12 3 49
187 10 84 9 20 4 9 8 32 24 27 7 38 3 49 5 12 18 39 20 11 7 45
188 10 84 24 27 18 39 9 20 5 12 3 49 8 32 4 9 7 45 7 38 20 11
189 10 84 24 27 20 11 3 49 7 38 8 32 5 12 18 39 4 9 7 45 9 20
190 10 84 4 9 8 32 7 38 3 49 5 12 24 27 9 20 18 39 7 45 20 11
191 10 84 20 11 7 45 18 39 4 9 3 49 9 20 5 12 24 27 7 38 8 32
192 10 84 24 27 9 20 4 9 18 39 8 32 3 49 20 11 7 38 7 45 5 12
193 10 84 18 39 3 49 9 20 5 12 7 38 7 45 24 27 20 11 4 9 8 32
194 10 84 18 39 4 9 7 45 24 27 9 20 7 38 3 49 20 11 8 32 5 12
195 10 84 24 27 18 39 7 45 9 20 7 38 3 49 4 9 5 12 20 11 8 32
196 10 84 4 9 7 38 5 12 9 20 20 11 18 39 7 45 8 32 3 49 24 27
197 10 84 4 9 18 39 8 32 9 20 5 12 7 45 24 27 3 49 20 11 7 38
198 10 84 9 20 20 11 24 27 8 32 4 9 5 12 3 49 7 45 18 39 7 38
199 10 84 7 38 18 39 3 49 5 12 20 11 9 20 7 45 8 32 4 9 24 27
200 10 84 9 20 7 45 4 9 18 39 5 12 24 27 7 38 3 49 20 11 8 32
201 10 84 3 49 20 11 4 9 5 12 24 27 9 20 8 32 7 38 18 39 7 45
202 10 84 4 9 18 39 3 49 9 20 24 27 7 38 20 11 7 45 5 12 8 32
203 10 84 7 45 20 11 3 49 9 20 7 38 4 9 8 32 5 12 24 27 18 39
204 10 84 18 39 7 45 20 11 5 12 8 32 9 20 3 49 7 38 24 27 4 9
205 10 84 8 32 9 20 3 49 7 45 7 38 4 9 20 11 18 39 5 12 24 27
206 10 84 3 49 5 12 20 11 7 38 8 32 24 27 7 45 4 9 18 39 9 20
207 10 84 4 9 9 20 7 38 18 39 5 12 24 27 3 49 7 45 8 32 20 11
208 10 84 7 38 5 12 18 39 4 9 9 20 7 45 24 27 3 49 8 32 20 11
209 10 84 9 20 7 38 18 39 20 11 4 9 7 45 24 27 5 12 3 49 8 32
210 10 84 4 9 7 45 24 27 5 12 3 49 9 20 7 38 20 11 18 39 8 32
211 10 84 5 12 9 20 18 39 24 27 8 32 20 11 3 49 7 38 4 9 7 45
212 10 84 3 49 4 9 7 38 7 45 20 11 24 27 8 32 5 12 9 20 18 39
213 10 84 9 20 7 45 18 39 5 12 7 38 4 9 24 27 20 11 3 49 8 32
214 10 84 7 45 20 11 9 20 5 12 8 32 3 49 7 38 24 27 18 39 4 9
215 10 84 9 20 20 11 5 12 18 39 7 45 24 27 8 32 7 38 4 9 3 49
216 10 84 24 27 8 32 7 45 3 49 5 12 20 11 7 38 4 9 18 39 9 20
217 10 84 9 20 8 32 24 27 18 39 3 49 20 11 4 9 7 45 5 12 7 38
218 10 84 20 11 5 12 4 9 8 32 9 20 7 45 7 38 24 27 3 49 18 39
219 10 84 24 27 7 45 7 38 4 9 3 49 20 11 9 20 8 32 5 12 18 39
220 10 84 18 39 3 49 20 11 9 20 5 12 4 9 7 45 24 27 8 32 7 38
221 10 84 5 12 8 32 3 49 20 11 9 20 7 45 7 38 18 39 24 27 4 9
222 10 84 9 20 7 45 3 49 18 39 7 38 20 11 4 9 8 32 5 12 24 27
223 10 84 3 49 5 12 7 38 7 45 9 20 4 9 8 32 20 11 18 39 24 27
224 10 84 18 39 20 11 7 38 24 27 8 32 9 20 3 49 7 45 4 9 5 12
225 10 84 18 39 7 45 8 32 4 9 3 49 7 38 5 12 24 27 9 20 20 11
226 10 84 4 9 7 38 8 32 20 11 3 49 5 12 7 45 18 39 24 27 9 20
227 10 84 20 11 9 20 7 38 4 9 5 12 3 49 24 27 7 45 8 32 18 39
228 10 84 4 9 3 49 24 27 9 20 8 32 5 12 7 38 18 39 7 45 20 11
229 10 84 5 12 8 32 7 45 3 49 4 9 9 20 24 27 7 38 18 39 20 11
230 10 84 20 11 5 12 7 45 4 9 18 39 24 27 7 38 9 20 8 32 3 49
231 10 84 3 49 7 45 18 39 9 20 20 11 4 9 7 38 24 27 8 32 5 12
232 10 84 8 32 4 9 7 38 3 49 18 39 7 45 24 27 20 11 9 20 5 12
233 10 84 24 27 7 38 18 39 3 49 8 32 4 9 9 20 5 12 20 11 7 45
234 10 84 8 32 3 49 18 39 4 9 20 11 7 38 5 12 9 20 24 27 7 45
235 10 84 20 11 3 49 18 39 7 45 9 20 8 32 24 27 5 12 4 9 7 38
236 10 84 20 11 4 9 8 32 5 12 3 49 7 45 24 27 18 39 7 38 9 20
237 10 84 7 45 8 32 4 9 24 27 3 49 7 38 18 39 5 12 20 11 9 20
238 10 84 7 38 9 20 24 27 20 11 7 45 5 12 18 39 3 49 8 32 4 9
239 10 84 3 49 8 32 7 38 24 27 9 20 5 12 18 39 7 45 20 11 4 9
240 10 84 8 32 18 39 9 20 5 12 20 11 7 38 24 27 7 45 4 9 3 49
241 10 84 7 38 9 20 7 45 8 32 24 27 3 49 20 11 4 9 18 39 5 12
242 10 84 18 39 7 45 8 32 4 9 9 20 20 11 5 12 3 49 7 38 24 27
243 10 84 4 9 18 39 7 45 24 27 5 12 8 32 9 20 3 49 20 11 7 38
244 10 84 9 20 24 27 20 11 7 38 18 39 5 12 7 45 4 9 3 49 8 32
245 10 84 18 39 24 27 3 49 9 20 20 11 8 32 7 45 4 9 7 38 5 12
246 10 84 24 27 9 20 18 39 3 49 20 11 7 45 8 32 4 9 7 38 5 12
247 10 84 7 38 9 20 7 45 3 49 20 11 5 12 24 27 18 39 4 9 8 32
248 10 84 4 9 20 11 8 32 9 20 5 12 7 38 18 39 3 49 24 27 7 45
249 10 84 4 9 18 39 24 27 20 11 7 38 7 45 5 12 8 32 9 20 3 49
250 10 84 3 49 5 12 7 45 24 27 18 39 4 9 20 11 8 32 9 20 7 38
251 10 84 9 20 4 9 24 27 3 49 20 11 5 12 7 45 18 39 7 38 8 32
252 10 84 20 11 7 38 4 9 18 39 3 49 7 45 24 27 9 20 5 12 8 32
253 10 84 5 12 7 45 3 49 18 39 4 9 20 11 24 27 9 20 8 32 7 38
254 10 84 5 12 9 20 7 45 4 9 7 38 24 27 20 11 18 39 8 32 3 49
255 10 84 7 38 18 39 4 9 9 20 5 12 24 27 3 49 8 32 20 11 7 45
256 10 84 3 49 4 9 18 39 24 27 7 45 8 32 20 11 9 20 7 38 5 12
257 10 84 5 12 7 45 3 49 20 11 18 39 7 38 24 27 4 9 8 32 9 20
258 10 84 18 39 7 45 7 38 24 27 9 20 8 32 4 9 20 11 5 12 3 49
259 10 84 20 11 8 32 7 38 7 45 3 49 4 9 9 20 18 39 24 27 5 12
260 10 84 7 45 3 49 8 32 24 27 5 12 7 38 18 39 4 9 9 20 20 11
261 10 84 9 20 3 49 8 32 5 12 20 11 7 38 4 9 7 45 18 39 24 27
262 10 84 20 11 7 45 24 27 7 38 5 12 8 32 18 39 9 20 3 49 4 9
263 10 84 9 20 24 27 5 12 7 38 8 32 3 49 20 11 18 39 4 9 7 45
264 10 84 20 11 9 20 3 49 7 45 18 39 24 27 7 38 5 12 8 32 4 9
265 10 84 8 32 3 49 9 20 24 27 18 39 5 12 7 38 4 9 20 11 7 45
266 10 84 3 49 7 45 18 39 5 12 8 32 7 38 24 27 4 9 9 20 20 11
267 10 84 24 27 5 12 4 9 9 20 7 38 18 39 7 45 8 32 20 11 3 49
268 10 84 4 9 8 32 3 49 5 12 24 27 9 20 20 11 18 39 7 38 7 45
269 10 84 8 32 20 11 9 20 18 39 5 12 3 49 7 38 7 45 4 9 24 27
270 10 84 5 12 9 20 3 49 4 9 20 11 8 32 7 38 7 45 24 27 18 39
271 10 84 7 38 3 49 7 45 5 12 4 9 8 32 18 39 20 11 24 27 9 20
272 10 84 8 32 7 45 20 11 3 49 9 20 24 27 7 38 5 12 4 9 18 39
273 10 84 7 38 24 27 20 11 18 39 5 12 3 49 4 9 7 45 9 20 8 32
274 10 84 5 12 9 20 4 9 8 32 3 49 24 27 7 38 18 39 7 45 20 11
275 10 84 8 32 9 20 7 45 5 12 7 38 18 39 4 9 24 27 3 49 20 11
276 10 84 7 38 3 49 8 32 4 9 20 11 18 39 7 45 9 20 24 27 5 12
277 10 84 8 32 4 9 7 38 18 39 3 49 20 11 24 27 7 45 5 12 9 20
278 10 84 4 9 3 49 24 27 9 20 18 39 20 11 7 38 7 45 5 12 8 32
279 10 84 9 20 20 11 24 27 3 49 4 9 8 32 7 38 18 39 5 12 7 45
280 10 84 8 32 9 20 20 11 7 45 24 27 4 9 3 49 7 38 5 12 18 39
281 10 84 8 32 5 12 4 9 20 11 7 38 3 49 7 45 9 20 18 39 24 27
282 10 84 5 12 18 39 8 32 7 45 9 20 7 38 4 9 3 49 20 11 24 27
283 10 84 9 20 8 32 5 12 20 11 3 49 7 45 18 39 24 27 7 38 4 9
284 10 84 9 20 3 49 5 12 8 32 18 39 7 45 4 9 20 11 24 27 7 38
285 10 84 4 9 9 20 8 32 5 12 3 49 7 38 24 27 7 45 18 39 20 11
286 10 84 18 39 9 20 8 32 20 11 7 38 4 9 5 12 7 45 24 27 3 49
287 10 84 7 38 20 11 9 20 18 39 8 32 5 12 7 45 24 27 4 9 3 49
288 10 84 3 49 24 27 9 20 20 11 5 12 7 45 4 9 8 32 18 39 7 38
289 10 84 8 32 7 45 18 39 7 38 24 27 9 20 5 12 3 49 20 11 4 9
290 10 84 7 38 3 49 20 11 5 12 4 9 18 39 7 45 24 27 9 20 8 32
291 10 84 4 9 9 20 18 39 20 11 7 38 24 27 5 12 7 45 8 32 3 49
292 10 84 4 9 8 32 5 12 20 11 3 49 24 27 9 20 7 38 7 45 18 39
293 10 84 8 32 7 38 7 45 24 27 9 20 20 11 3 49 5 12 4 9 18 39
294 10 84 4 9 20 11 5 12 7 45 24 27 8 32 3 49 7 38 9 20 18 39
295 10 84 4 9 24 27 18 39 5 12 3 49 7 38 8 32 7 45 9 20 20 11
296 10 84 3 49 20 11 7 45 5 12 4 9 9 20 18 39 7 38 8 32 24 27
297 10 84 24 27 9 20 18 39 8 32 4 9 5 12 20 11 7 45 7 38 3 49
298 10 84 9 20 7 38 7 45 8 32 24 27 5 12 18 39 20 11 3 49 4 9
299 10 84 5 12 3 49 24 27 7 38 8 32 20 11 4 9 7 45 9 20 18 39
300 10 84 4 9 9 20 24 27 20 11 18 39 5 12 8 32 7 38 7 45 3 49
301 10 84 3 49 20 11 4 9 7 45 5 12 24 27 7 38 8 32 18 39 9 20
302 10 84 24 27 18 39 8 32 9 20 4 9 7 45 7 38 5 12 20 11 3 49
303 10 84 7 45 24 27 9 20 8 32 7 38 20 11 5 12 4 9 18 39 3 49
304 10 84 3 49 5 12 24 27 7 45 18 39 9 20 7 38 4 9 20 11 8 32
305 10 84 20 11 7 38 4 9 18 39 8 32 7 45 5 12 9 20 3 49 24 27
306 10 84 3 49 24 27 7 38 8 32 5 12 9 20 18 39 7 45 20 11 4 9
307 10 84 3 49 20 11 24 27 7 45 9 20 4 9 8 32 18 39 5 12 7 38
308 10 84 4 9 18 39 7 45 20 11 5 12 7 38 8 32 3 49 9 20 24 27
309 10 84 5 12 8 32 3 49 9 20 18 39 20 11 4 9 7 38 7 45 24 27
310 10 84 9 20 7 38 5 12 24 27 7 45 8 32 18 39 4 9 3 49 20 11
311 10 84 20 11 18 39 24 27 5 12 9 20 3 49 7 38 4 9 7 45 8 32
312 10 84 7 45 3 49 8 32 18 39 5 12 20 11 4 9 24 27 9 20 7 38
313 10 84 8 32 7 45 20 11 5 12 7 38 9 20 4 9 24 27 18 39 3 49
314 10 84 9 20 4 9 7 38 18 39 24 27 7 45 5 12 8 32 20 11 3 49
315 10 84 18 39 7 45 7 38 3 49 24 27 9 20 8 32 5 12 4 9 20 11
316 10 84 8 32 7 45 3 49 5 12 20 11 18 39 9 20 4 9 7 38 24 27
317 10 84 7 38 8 32 18 39 4 9 7 45 20 11 5 12 3 49 24 27 9 20
318 10 84 4 9 9 20 18 39 3 49 5 12 7 38 8 32 20 11 7 45 24 27
319 10 84 7 38 5 12 8 32 4 9 9 20 7 45 24 27 3 49 20 11 18 39
320 10 84 8 32 7 38 18 39 7 45 24 27 3 49 9 20 20 11 4 9 5 12
321 10 84 7 45 9 20 18 39 5 12 4 9 3 49 7 38 8 32 20 11 24 27
322 10 84 9 20 8 32 7 45 24 27 4 9 18 39 7 38 20 11 5 12 3 49
323 10 84 7 38 4 9 24 27 20 11 8 32 9 20 3 49 18 39 5 12 7 45
324 10 84 3 49 8 32 5 12 9 20 18 39 24 27 7 38 7 45 20 11 4 9
325 10 84 18 39 7 45 7 38 20 11 8 32 9 20 4 9 24 27 5 12 3 49
326 10 84 7 45 18 39 4 9 8 32 5 12 7 38 3 49 9 20 20 11 24 27
327 10 84 7 38 20 11 18 39 8 32 9 20 5 12 7 45 4 9 24 27 3 49
328 10 84 3 49 5 12 18 39 20 11 7 45 8 32 4 9 7 38 24 27 9 20
329 10 84 8 32 18 39 9 20 5 12 7 38 3 49 7 45 4 9 24 27 20 11
330 10 84 7 45 8 32 18 39 20 11 4 9 5 12 9 20 3 49 7 38 24 27
331 10 84 4 9 5 12 7 38 20 11 7 45 8 32 9 20 18 39 24 27 3 49
332 10 84 9 20 7 38 18 39 4 9 8 32 5 12 24 27 3 49 7 45 20 11
333 10 84 18 39 5 12 4 9 8 32 20 11 7 38 3 49 9 20 7 45 24 27
334 10 84 7 38 8 32 20 11 3 49 9 20 4 9 5 12 7 45 24 27 18 39
335 10 84 5 12 4 9 18 39 9 20 7 38 3 49 8 32 20 11 7 45 24 27
336 10 84 9 20 24 27 18 39 7 38 4 9 5 12 3 49 8 32 20 11 7 45
337 10 84 24 27 18 39 7 38 8 32 20 11 3 49 4 9 9 20 5 12 7 45
338 10 84 20 11 7 45 7 38 8 32 3 49 9 20 18 39 24 27 4 9 5 12
339 10 84 7 45 8 32 18 39 3 49 5 12 24 27 20 11 9 20 4 9 7 38
340 10 84 24 27 4 9 20 11 3 49 9 20 7 45 8 32 7 38 18 39 5 12
341 10 84 5 12 3 49 24 27 9 20 7 38 8 32 20 11 18 39 7 45 4 9
342 10 84 5 12 3 49 24 27 7 45 7 38 8 32 9 20 4 9 18 39 20 11
343 10 84 20 11 4 9 5 12 3 49 18 39 8 32 9 20 7 38 24 27 7 45
344 10 84 18 39 4 9 20 11 3 49 7 38 8 32 9 20 7 45 5 12 24 27
345 10 84 18 39 7 45 20 11 4 9 5 12 3 49 7 38 24 27 8 32 9 20
346 10 84 18 39 7 45 20 11 7 38 3 49 5 12 8 32 9 20 4 9 24 27
347 10 84 7 38 24 27 4 9 8 32 18 39 9 20 20 11 3 49 7 45 5 12
348 10 84 5 12 7 38 24 27 8 32 4 9 7 45 9 20 18 39 20 11 3 49
349 10 84 4 9 8 32 7 38 3 49 5 12 9 20 18 39 24 27 7 45 20 11
350 10 84 9 20 24 27 7 38 5 12 20 11 4 9 7 45 3 49 18 39 8 32
351 10 84 4 9 9 20 18 39 5 12 7 45 8 32 24 27 20 11 3 49 7 38
352 10 84 24 27 3 49 20 11 7 38 7 45 9 20 18 39 8 32 4 9 5 12
353 10 84 3 49 7 45 5 12 24 27 18 39 4 9 20 11 9 20 8 32 7 38
354 10 84 24 27 7 45 20 11 4 9 3 49 8 32 9 20 18 39 7 38 5 12
355 10 84 20 11 18 39 8 32 4 9 9 20 3 49 5 12 7 45 7 38 24 27
356 10 84 7 38 5 12 4 9 24 27 18 39 9 20 20 11 3 49 7 45 8 32
357 10 84 7 45 4 9 24 27 5 12 8 32 3 49 9 20 7 38 18 39 20 11
358 10 84 24 27 7 38 9 20 4 9 3 49 18 39 7 45 8 32 5 12 20 11
359 10 84 24 27 9 20 7 38 3 49 8 32 20 11 5 12 18 39 7 45 4 9
360 10 84 7 38 20 11 3 49 9 20 18 39 4 9 7 45 8 32 24 27 5 12
361 10 84 4 9 7 38 3 49 8 32 7 45 9 20 18 39 20 11 5 12 24 27
362 10 84 7 38 7 45 3 49 9 20 8 32 18 39 5 12 4 9 24 27 20 11
363 10 84 18 39 7 45 9 20 3 49 4 9 5 12 20 11 8 32 7 38 24 27
364 10 84 18 39 7 45 20 11 4 9 8 32 3 49 24 27 9 20 7 38 5 12
365 10 84 9 20 18 39 20 11 3 49 24 27 5 12 4 9 8 32 7 38 7 45
366 10 84 7 38 18 39 24 27 4 9 7 45 8 32 9 20 3 49 20 11 5 12
367 10 84 18 39 3 49 5 12 20 11 7 45 8 32 4 9 24 27 7 38 9 20
368 10 84 4 9 24 27 3 49 20 11 18 39 5 12 7 45 8 32 7 38 9 20
369 10 84 5 12 8 32 24 27 3 49 7 38 9 20 4 9 18 39 20 11 7 45
370 10 84 9 20 18 39 7 38 24 27 7 45 5 12 4 9 3 49 20 11 8 32
371 10 84 7 38 18 39 4 9 3 49 5 12 9 20 20 11 8 32 7 45 24 27
372 10 84 8 32 9 20 7 45 18 39 5 12 24 27 3 49 7 38 20 11 4 9
373 10 84 4 9 8 32 9 20 3 49 7 45 5 12 7 38 18 39 20 11 24 27
374 10 84 20 11 9 20 7 38 5 12 7 45 8 32 18 39 4 9 3 49 24 27
375 10 84 7 38 3 49 4 9 24 27 7 45 20 11 9 20 5 12 18 39 8 32
376 10 84 3 49 7 38 5 12 20 11 4 9 9 20 24 27 18 39 8 32 7 45
377 10 84 20 11 7 38 8 32 3 49 18 39 5 12 7 45 4 9 9 20 24 27
378 10 84 20 11 4 9 7 38 5 12 24 27 9 20 3 49 8 32 18 39 7 45
379 10 84 4 9 7 45 9 20 18 39 3 49 24 27 5 12 7 38 20 11 8 32
380 10 84 8 32 9 20 7 38 3 49 20 11 4 9 18 39 7 45 24 27 5 12
381 10 84 7 45 9 20 5 12 7 38 4 9 3 49 24 27 20 11 8 32 18 39
382 10 84 7 45 5 12 20 11 18 39 24 27 3 49 8 32 9 20 4 9 7 38
383 10 84 24 27 4 9 7 45 5 12 3 49 8 32 18 39 7 38 20 11 9 20
384 10 84 3 49 9 20 5 12 4 9 18 39 7 38 8 32 7 45 20 11 24 27
385 10 84 3 49 4 9 7 38 24 27 9 20 18 39 7 45 20 11 8 32 5 12
386 10 84 7 45 20 11 4 9 24 27 5 12 8 32 7 38 18 39 9 20 3 49
387 10 84 18 39 20 11 4 9 8 32 5 12 7 45 24 27 9 20 7 38 3 49
388 10 84 9 20 3 49 8 32 18 39 7 45 4 9 24 27 5 12 20 11 7 38
389 10 84 20 11 7 45 5 12 3 49 7 38 4 9 18 39 9 20 24 27 8 32
390 10 84 5 12 9 20 7 38 7 45 18 39 3 49 8 32 20 11 24 27 4 9
391 10 84 3 49 7 38 8 32 9 20 7 45 4 9 18 39 20 11 5 12 24 27
392 10 84 5 12 9 20 20 11 7 38 24 27 18 39 3 49 8 32 7 45 4 9
393 10 84 7 38 24 27 20 11 4 9 18 39 3 49 5 12 8 32 7 45 9 20
394 10 84 8 32 24 27 18 39 9 20 4 9 7 45 20 11 5 12 3 49 7 38
395 10 84 5 12 7 45 18 39 7 38 24 27 4 9 3 49 8 32 20 11 9 20
396 10 84 3 49 7 38 7 45 4 9 24 27 20 11 9 20 8 32 5 12 18 39
397 10 84 8 32 20 11 18 39 3 49 9 20 24 27 7 38 4 9 5 12 7 45
398 10 84 18 39 9 20 8 32 7 45 4 9 24 27 3 49 7 38 5 12 20 11
399 10 84 18 39 3 49 9 20 4 9 7 45 5 12 8 32 7 38 24 27 20 11
400 10 84 7 38 7 45 3 49 24 27 5 12 18 39 4 9 8 32 9 20 20 11
401 10 84 20 11 7 38 18 39 4 9 7 45 3 49 24 27 5 12 9 20 8 32
402 10 84 8 32 9 20 18 39 20 11 24 27 5 12 7 38 3 49 7 45 4 9
403 10 84 8 32 9 20 7 45 4 9 24 27 5 12 18 39 20 11 3 49 7 38
404 10 84 24 27 7 38 7 45 5 12 18 39 4 9 8 32 9 20 3 49 20 11
405 10 84 8 32 9 20 18 39 5 12 4 9 24 27 7 38 20 11 7 45 3 49
406 10 84 8 32 7 45 3 49 20 11 7 38 18 39 5 12 9 20 4 9 24 27
407 10 84 20 11 7 38 18 39 24 27 7 45 5 12 9 20 8 32 4 9 3 49
408 10 84 18 39 9 20 7 38 24 27 4 9 3 49 20 11 5 12 8 32 7 45
409 10 84 24 27 7 45 9 20 20 11 3 49 18 39 4 9 8 32 7 38 5 12
410 10 84 7 38 7 45 24 27 5 12 20 11 3 49 9 20 4 9 8 32 18 39
411 10 84 7 38 8 32 24 27 18 39 20 11 3 49 7 45 4 9 9 20 5 12
412 10 84 24 27 18 39 8 32 4 9 3 49 7 45 20 11 9 20 5 12 7 38
413 10 84 24 27 7 45 7 38 5 12 3 49 4 9 8 32 20 11 18 39 9 20
414 10 84 4 9 5 12 20 11 8 32 3 49 7 45 24 27 18 39 7 38 9 20
415 10 84 8 32 24 27 7 45 5 12 3 49 7 38 4 9 9 20 18 39 20 11
416 10 84 7 45 18 39 5 12 4 9 24 27 9 20 7 38 8 32 3 49 20 11
417 10 84 4 9 8 32 9 20 3 49 18 39 7 45 5 12 7 38 20 11 24 27
418 10 84 9 20 24 27 7 45 8 32 18 39 7 38 4 9 5 12 3 49 20 11
419 10 84 3 49 5 12 24 27 9 20 18 39 4 9 8 32 7 45 7 38 20 11
420 10 84 4 9 20 11 8 32 7 45 9 20 7 38 18 39 5 12 3 49 24 27
421 10 84 8 32 7 38 7 45 18 39 9 20 3 49 4 9 20 11 5 12 24 27
422 10 84 7 45 3 49 5 12 20 11 9 20 24 27 7 38 4 9 8 32 18 39
423 10 84 9 20 20 11 3 49 24 27 18 39 4 9 5 12 7 38 8 32 7 45
424 10 84 7 45 20 11 7 38 24 27 9 20 5 12 3 49 8 32 4 9 18 39
425 10 84 4 9 5 12 7 38 3 49 20 11 24 27 9 20 7 45 18 39 8 32
426 10 84 5 12 7 45 8 32 3 49 24 27 9 20 7 38 4 9 18 39 20 11
427 10 84 8 32 5 12 3 49 18 39 7 45 7 38 24 27 9 20 20 11 4 9
428 10 84 5 12 7 45 18 39 3 49 24 27 4 9 7 38 8 32 20 11 9 20
429 10 84 18 39 4 9 20 11 3 49 7 45 8 32 9 20 7 38 5 12 24 27
430 10 84 18 39 4 9 5 12 3 49 7 45 20 11 8 32 9 20 7 38 24 27
431 10 84 24 27 5 12 7 45 8 32 20 11 7 38 9 20 3 49 18 39 4 9
432 10 84 7 38 9 20 7 45 4 9 20 11 5 12 24 27 18 39 8 32 3 49
433 10 84 4 9 7 45 5 12 3 49 24 27 8 32 20 11 7 38 9 20 18 39
434 10 84 7 38 9 20 7 45 5 12 20 11 24 27 4 9 8 32 18 39 3 49
435 10 84 5 12 9 20 7 38 18 39 24 27 7 45 20 11 4 9 8 32 3 49
436 10 84 8 32 20 11 4 9 3 49 5 12 7 45 24 27 9 20 7 38 18 39
437 10 84 3 49 9 20 18 39 20 11 7 38 4 9 5 12 7 45 24 27 8 32
438 10 84 5 12 3 49 7 38 18 39 8 32 9 20 7 45 4 9 24 27 20 11
439 10 84 3 49 24 27 18 39 9 20 7 45 20 11 7 38 4 9 5 12 8 32
440 10 84 5 12 18 39 3 49 8 32 7 45 9 20 20 11 4 9 7 38 24 27
441 10 84 20 11 5 12 7 45 18 39 4 9 3 49 24 27 8 32 9 20 7 38
442 10 84 18 39 20 11 4 9 7 45 5 12 3 49 9 20 8 32 24 27 7 38
443 10 84 18 39 20 11 24 27 3 49 7 45 5 12 8 32 9 20 4 9 7 38
444 10 84 7 38 5 12 9 20 3 49 4 9 18 39 20 11 24 27 7 45 8 32
445 10 84 7 38 24 27 7 45 4 9 20 11 9 20 8 32 3 49 18 39 5 12
446 10 84 20 11 18 39 9 20 3 49 4 9 24 27 7 38 5 12 8 32 7 45
447 10 84 18 39 24 27 3 49 20 11 4 9 8 32 7 38 5 12 9 20 7 45
448 10 84 5 12 7 45 20 11 8 32 4 9 3 49 24 27 9 20 7 38 18 39
449 10 84 3 49 18 39 7 45 9 20 24 27 20 11 4 9 8 32 7 38 5 12
450 10 84 9 20 7 38 24 27 8 32 7 45 4 9 5 12 20 11 18 39 3 49
451 10 84 7 38 4 9 8 32 18 39 9 20 7 45 5 12 3 49 24 27 20 11
452 10 84 18 39 8 32 20 11 3 49 7 38 24 27 4 9 9 20 5 12 7 45
453 10 84 7 38 9 20 5 12 4 9 8 32 20 11 24 27 3 49 7 45 18 39
454 10 84 8 32 4 9 20 11 18 39 3 49 5 12 7 38 7 45 9 20 24 27
455 10 84 9 20 8 32 5 12 20 11 24 27 4 9 7 45 3 49 7 38 18 39
456 10 84 20 11 24 27 5 12 9 20 8 32 4 9 3 49 7 38 18 39 7 45
457 10 84 7 45 20 11 8 32 3 49 5 12 4 9 24 27 9 20 7 38 18 39
458 10 84 20 11 5 12 8 32 9 20 7 45 18 39 24 27 7 38 4 9 3 49
459 10 84 5 12 20 11 8 32 7 38 24 27 3 49 18 39 9 20 7 45 4 9
460 10 84 5 12 4 9 24 27 9 20 8 32 3 49 18 39 7 45 20 11 7 38
461 10 84 3 49 4 9 5 12 20 11 18 39 24 27 9 20 7 45 8 32 7 38
462 10 84 4 9 18 39 20 11 7 45 9 20 3 49 5 12 8 32 7 38 24 27
463 10 84 7 45 9 20 7 38 24 27 18 39 20 11 5 12 3 49 4 9 8 32
464 10 84 9 20 3 49 24 27 5 12 4 9 20 11 7 45 18 39 8 32 7 38
465 10 84 18 39 4 9 7 38 24 27 5 12 20 11 8 32 9 20 7 45 3 49
466 10 84 7 45 24 27 5 12 18 39 9 20 3 49 7 38 20 11 4 9 8 32
467 10 84 18 39 7 38 3 49 8 32 24 27 7 45 5 12 20 11 9 20 4 9
468 10 84 3 49 4 9 24 27 5 12 7 38 9 20 18 39 8 32 20 11 7 45
469 10 84 9 20 20 11 4 9 7 38 8 32 5 12 3 49 18 39 7 45 24 27
470 10 84 8 32 4 9 18 39 20 11 3 49 5 12 9 20 7 45 7 38 24 27
471 10 84 20 11 4 9 5 12 18 39 7 38 9 20 7 45 3 49 24 27 8 32
472 10 84 24 27 4 9 8 32 3 49 9 20 18 39 20 11 7 38 5 12 7 45
473 10 84 7 45 7 38 5 12 9 20 4 9 3 49 8 32 20 11 18 39 24 27
474 10 84 18 39 8 32 7 45 24 27 3 49 9 20 4 9 5 12 7 38 20 11
475 10 84 5 12 20 11 9 20 4 9 7 38 24 27 8 32 7 45 18 39 3 49
476 10 84 9 20 24 27 18 39 20 11 3 49 7 45 4 9 5 12 8 32 7 38
477 10 84 3 49 7 45 8 32 18 39 20 11 9 20 5 12 4 9 24 27 7 38
478 10 84 7 38 3 49 9 20 5 12 18 39 8 32 7 45 24 27 4 9 20 11
479 10 84 4 9 3 49 5 12 7 38 20 11 24 27 18 39 9 20 7 45 8 32
480 10 84 18 39 7 45 8 32 4 9 5 12 24 27 20 11 7 38 3 49 9 20
481 10 84 18 39 4 9 9 20 3 49 20 11 7 38 8 32 7 45 24 27 5 12
482 10 84 8 32 4 9 9 20 18 39 20 11 24 27 5 12 3 49 7 38 7 45
483 10 84 9 20 24 27 20 11 18 39 4 9 8 32 5 12 3 49 7 45 7 38
484 10 84 24 27 20 11 18 39 3 49 9 20 5 12 7 45 4 9 7 38 8 32
485 10 84 3 49 7 38 24 27 9 20 18 39 5 12 7 45 4 9 8 32 20 11
486 10 84 24 27 8 32 18 39 7 45 9 20 4 9 5 12 3 49 7 38 20 11
487 10 84 24 27 3 49 7 45 4 9 18 39 7 38 8 32 5 12 20 11 9 20
488 10 84 7 45 18 39 7 38 5 12 8 32 3 49 20 11 4 9 24 27 9 20
489 10 84 20 11 7 38 7 45 9 20 4 9 3 49 8 32 24 27 18 39 5 12
490 10 84 7 38 18 39 7 45 20 11 3 49 24 27 5 12 4 9 8 32 9 20
491 10 84 5 12 20 11 7 38 24 27 7 45 4 9 3 49 8 32 9 20 18 39
492 10 84 24 27 7 45 7 38 20 11 18 39 3 49 4 9 9 20 8 32 5 12
493 10 84 18 39 24 27 9 20 7 38 4 9 3 49 8 32 5 12 20 11 7 45
494 10 84 8 32 3 49 9 20 7 38 4 9 20 11 7 45 24 27 5 12 18 39
495 10 84 24 27 7 38 7 45 5 12 3 49 20 11 4 9 9 20 8 32 18 39
496 10 84 7 45 18 39 24 27 3 49 20 11 4 9 5 12 7 38 9 20 8 32
497 10 84 9 20 7 38 7 45 5 12 18 39 24 27 4 9 8 32 20 11 3 49
498 10 84 7 45 8 32 3 49 7 38 24 27 9 20 5 12 18 39 20 11 4 9
499 10 84 7 45 20 11 5 12 24 27 3 49 4 9 18 39 7 38 8 32 9 20
500 10 84 20 11 7 45 18 39 24 27 3 49 9 20 7 38 5 12 4 9 8 32
501 10 84 18 39 24 27 9 20 7 45 7 38 4 9 5 12 3 49 20 11 8 32
502 10 84 7 45 8 32 5 12 24 27 9 20 7 38 4 9 20 11 3 49 18 39
503 10 84 24 27 5 12 7 45 18 39 20 11 7 38 3 49 8 32 9 20 4 9
504 10 84 9 20 20 11 5 12 18 39 7 38 3 49 4 9 8 32 24 27 7 45
505 10 84 24 27 7 45 3 49 5 12 8 32 9 20 7 38 4 9 20 11 18 39
506 10 84 7 45 18 39 20 11 4 9 9 20 24 27 7 38 8 32 3 49 5 12
507 10 84 4 9 24 27 20 11 3 49 7 38 7 45 9 20 8 32 18 39 5 12
508 10 84 20 11 7 45 9 20 24 27 18 39 7 38 5 12 3 49 4 9 8 32
509 10 84 4 9 3 49 5 12 24 27 18 39 20 11 7 45 7 38 8 32 9 20
510 10 84 3 49 20 11 9 20 24 27 5 12 7 38 18 39 7 45 4 9 8 32
511 10 84 7 38 7 45 4 9 18 39 8 32 24 27 3 49 20 11 5 12 9 20
512 10 84 9 20 18 39 8 32 24 27 3 49 4 9 7 38 7 45 20 11 5 12
513 10 84 18 39 8 32 5 12 3 49 24 27 7 45 20 11 4 9 7 38 9 20
514 10 84 7 45 8 32 3 49 4 9 9 20 5 12 7 38 18 39 24 27 20 11
515 10 84 8 32 3 49 4 9 7 38 7 45 5 12 18 39 24 27 9 20 20 11
516 10 84 5 12 8 32 20 11 7 38 4 9 18 39 9 20 7 45 24 27 3 49
517 10 84 8 32 24 27 18 39 4 9 3 49 5 12 20 11 7 38 7 45 9 20
518 10 84 18 39 5 12 3 49 24 27 8 32 7 38 9 20 4 9 7 45 20 11
519 10 84 3 49 9 20 4 9 7 45 20 11 24 27 7 38 5 12 8 32 18 39
520 10 84 7 38 7 45 20 11 3 49 24 27 4 9 18 39 9 20 8 32 5 12
521 10 84 24 27 20 11 18 39 9 20 7 38 5 12 8 32 3 49 7 45 4 9
522 10 84 3 49 7 38 5 12 8 32 7 45 18 39 4 9 20 11 9 20 24 27
523 10 84 5 12 20 11 7 38 3 49 8 32 7 45 9 20 4 9 18 39 24 27
524 10 84 3 49 8 32 4 9 9 20 24 27 7 38 18 39 5 12 20 11 7 45
525 10 84 24 27 5 12 3 49 7 45 4 9 8 32 9 20 18 39 7 38 20 11
526 10 84 24 27 5 12 20 11 3 49 7 38 4 9 7 45 8 32 18 39 9 20
527 10 84 20 11 8 32 24 27 4 9 9 20 18 39 3 49 5 12 7 38 7 45
528 10 84 7 45 24 27 5 12 9 20 7 38 20 11 18 39 8 32 4 9 3 49
529 10 84 8 32 3 49 4 9 7 45 18 39 7 38 20 11 5 12 24 27 9 20
530 10 84 9 20 4 9 24 27 7 45 20 11 3 49 5 12 18 39 7 38 8 32
531 10 84 3 49 9 20 7 45 18 39 7 38 8 32 20 11 4 9 24 27 5 12
532 10 84 8 32 18 39 20 11 4 9 7 45 24 27 7 38 9 20 3 49 5 12
533 10 84 24 27 20 11 7 38 8 32 18 39 3 49 4 9 9 20 5 12 7 45
534 10 84 20 11 4 9 9 20 7 45 24 27 7 38 18 39 3 49 8 32 5 12
535 10 84 7 45 5 12 24 27 18 39 3 49 4 9 9 20 7 38 20 11 8 32
536 10 84 3 49 18 39 9 20 8 32 24 27 4 9 7 38 5 12 7 45 20 11
537 10 84 20 11 3 49 18 39 7 45 4 9 7 38 9 20 5 12 24 27 8 32
538 10 84 18 39 7 38 20 11 4 9 8 32 5 12 9 20 3 49 24 27 7 45
539 10 84 4 9 3 49 24 27 5 12 18 39 20 11 9 20 7 38 8 32 7 45
540 10 84 20 11 18 39 5 12 7 45 24 27 7 38 8 32 3 49 4 9 9 20
541 10 84 7 38 4 9 7 45 18 39 8 32 3 49 20 11 24 27 5 12 9 20
542 10 84 7 45 7 38 3 49 5 12 24 27 20 11 4 9 9 20 18 39 8 32
543 10 84 24 27 4 9 9 20 5 12 18 39 7 45 7 38 8 32 20 11 3 49
544 10 84 8 32 5 12 20 11 24 27 7 45 3 49 7 38 4 9 9 20 18 39
545 10 84 9 20 5 12 24 27 18 39 8 32 4 9 3 49 7 45 20 11 7 38
546 10 84 5 12 24 27 7 38 7 45 3 49 4 9 20 11 8 32 9 20 18 39
547 10 84 7 45 4 9 3 49 24 27 7 38 20 11 8 32 18 39 9 20 5 12
548 10 84 24 27 5 12 8 32 9 20 3 49 20 11 18 39 7 45 7 38 4 9
549 10 84 7 38 18 39 20 11 24 27 5 12 4 9 9 20 3 49 8 32 7 45
550 10 84 18 39 7 38 20 11 7 45 5 12 4 9 24 27 9 20 8 32 3 49
551 10 84 4 9 7 45 20 11 9 20 3 49 8 32 5 12 7 38 18 39 24 27
552 10 84 7 45 20 11 7 38 18 39 3 49 8 32 5 12 4 9 24 27 9 20
553 10 84 7 45 18 39 24 27 20 11 3 49 7 38 5 12 8 32 4 9 9 20
554 10 84 7 38 4 9 24 27 5 12 7 45 18 39 9 20 20 11 8 32 3 49
555 10 84 18 39 4 9 7 45 3 49 24 27 8 32 5 12 9 20 7 38 20 11
556 10 84 5 12 18 39 8 32 20 11 3 49 24 27 4 9 9 20 7 38 7 45
557 10 84 18 39 7 38 3 49 4 9 7 45 8 32 20 11 24 27 9 20 5 12
558 10 84 7 38 8 32 3 49 18 39 4 9 7 45 24 27 20 11 9 20 5 12
559 10 84 7 38 24 27 20 11 8 32 7 45 18 39 3 49 4 9 9 20 5 12
560 10 84 9 20 18 39 7 38 20 11 24 27 8 32 3 49 5 12 4 9 7 45
561 10 84 7 38 4 9 24 27 5 12 8 32 20 11 18 39 3 49 7 45 9 20
562 10 84 7 45 9 20 24 27 7 38 5 12 18 39 20 11 4 9 3 49 8 32
563 10 84 8 32 7 38 3 49 5 12 4 9 24 27 7 45 18 39 20 11 9 20
564 10 84 7 38 3 49 7 45 8 32 18 39 5 12 4 9 20 11 9 20 24 27
565 10 84 7 45 3 49 24 27 9 20 4 9 20 11 8 32 7 38 5 12 18 39
566 10 84 24 27 3 49 7 45 8 32 7 38 4 9 9 20 20 11 5 12 18 39
567 10 84 24 27 20 11 4 9 18 39 3 49 7 45 5 12 7 38 9 20 8 32
568 10 84 8 32 5 12 24 27 20 11 7 38 3 49 4 9 7 45 9 20 18 39
569 10 84 20 11 8 32 3 49 5 12 4 9 24 27 18 39 7 38 7 45 9 20
570 10 84 7 45 9 20 7 38 5 12 3 49 20 11 18 39 8 32 4 9 24 27
571 10 84 7 38 5 12 3 49 4 9 18 39 9 20 20 11 7 45 8 32 24 27
572 10 84 3 49 8 32 5 12 9 20 18 39 7 45 24 27 4 9 7 38 20 11
573 10 84 3 49 5 12 4 9 7 45 7 38 18 39 9 20 20 11 24 27 8 32
574 10 84 18 39 8 32 4 9 5 12 7 45 7 38 3 49 24 27 9 20 20 11
575 10 84 9 20 20 11 8 32 5 12 7 38 3 49 4 9 7 45 18 39 24 27
576 10 84 3 49 24 27 20 11 4 9 8 32 9 20 5 12 18 39 7 45 7 38
577 10 84 8 32 5 12 4 9 24 27 20 11 7 38 18 39 9 20 7 45 3 49
578 10 84 9 20 24 27 18 39 7 45 4 9 20 11 8 32 5 12 3 49 7 38
579 10 84 5 12 7 38 8 32 20 11 3 49 24 27 7 45 18 39 9 20 4 9
580 10 84 20 11 24 27 5 12 4 9 18 39 8 32 7 45 7 38 9 20 3 49
581 10 84 3 49 20 11 8 32 9 20 18 39 4 9 24 27 7 45 5 12 7 38
582 10 84 9 20 7 45 8 32 18 39 7 38 24 27 20 11 4 9 5 12 3 49
583 10 84 4 9 18 39 24 27 8 32 7 38 3 49 20 11 9 20 7 45 5 12
584 10 84 5 12 3 49 24 27 9 20 20 11 18 39 7 38 8 32 7 45 4 9
585 10 84 9 20 7 38 7 45 20 11 3 49 5 12 24 27 4 9 18 39 8 32
586 10 84 18 39 5 12 20 11 3 49 7 38 4 9 24 27 7 45 9 20 8 32
587 10 84 4 9 24 27 5 12 18 39 8 32 9 20 7 38 20 11 7 45 3 49
588 10 84 9 20 20 11 8 32 18 39 3 49 24 27 5 12 7 38 7 45 4 9
589 10 84 24 27 8 32 7 38 9 20 18 39 4 9 20 11 7 45 3 49 5 12
590 10 84 20 11 7 38 7 45 4 9 5 12 18 39 9 20 3 49 8 32 24 27
591 10 84 4 9 20 11 18 39 3 49 24 27 7 45 8 32 7 38 9 20 5 12
592 10 84 4 9 9 20 7 45 8 32 7 38 20 11 24 27 18 39 5 12 3 49
593 10 84 20 11 8 32 24 27 4 9 3 49 7 38 18 39 7 45 9 20 5 12
594 10 84 24 27 5 12 9 20 20 11 3 49 18 39 7 45 4 9 7 38 8 32
595 10 84 3 49 18 39 24 27 9 20 7 38 5 12 7 45 20 11 4 9 8 32
596 10 84 18 39 8 32 3 49 5 12 9 20 20 11 4 9 7 38 7 45 24 27
597 10 84 4 9 8 32 5 12 9 20 3 49 18 39 24 27 7 38 20 11 7 45
598 10 84 4 9 3 49 7 38 8 32 20 11 9 20 5 12 24 27 18 39 7 45
599 10 84 20 11 4 9 3 49 18 39 24 27 5 12 9 20 7 38 7 45 8 32
600 10 84 4 9 8 32 3 49 7 45 24 27 18 39 9 20 20 11 5 12 7 38
601 10 84 7 38 18 39 20 11 3 49 5 12 8 32 9 20 4 9 7 45 24 27
602 10 84 20 11 24 27 9 20 4 9 5 12 7 45 3 49 18 39 7 38 8 32
603 10 84 20 11 3 49 4 9 9 20 7 45 5 12 18 39 8 32 7 38 24 27
604 10 84 18 39 3 49 24 27 20 11 5 12 9 20 8 32 7 45 7 38 4 9
605 10 84 4 9 5 12 8 32 24 27 20 11 7 38 3 49 7 45 18 39 9 20
606 10 84 8 32 7 38 20 11 9 20 4 9 3 49 5 12 18 39 7 45 24 27
607 10 84 4 9 9 20 7 45 8 32 24 27 5 12 18 39 3 49 7 38 20 11
608 10 84 5 12 18 39 20 11 3 49 4 9 24 27 8 32 9 20 7 38 7 45
609 10 84 3 49 9 20 4 9 8 32 7 45 5 12 18 39 7 38 20 11 24 27
610 10 84 18 39 8 32 20 11 4 9 5 12 24 27 3 49 9 20 7 38 7 45
611 10 84 7 38 4 9 7 45 3 49 9 20 18 39 5 12 24 27 20 11 8 32
612 10 84 8 32 4 9 9 20 24 27 3 49 7 38 7 45 5 12 20 11 18 39
613 10 84 9 20 5 12 3 49 20 11 18 39 7 45 4 9 8 32 7 38 24 27
614 10 84 7 45 4 9 3 49 7 38 5 12 8 32 24 27 9 20 18 39 20 11
615 10 84 18 39 8 32 20 11 7 45 5 12 3 49 9 20 24 27 7 38 4 9
616 10 84 3 49 9 20 18 39 7 38 7 45 4 9 5 12 24 27 8 32 20 11
617 10 84 7 45 5 12 18 39 24 27 3 49 4 9 7 38 20 11 9 20 8 32
618 10 84 7 45 5 12 8 32 4 9 24 27 9 20 18 39 7 38 20 11 3 49
619 10 84 7 38 24 27 9 20 8 32 3 49 5 12 18 39 20 11 4 9 7 45
620 10 84 24 27 4 9 3 49 18 39 20 11 5 12 8 32 7 45 7 38 9 20
621 10 84 20 11 5 12 18 39 24 27 7 38 9 20 4 9 8 32 3 49 7 45
622 10 84 20 11 3 49 24 27 5 12 9 20 8 32 7 45 18 39 7 38 4 9
623 10 84 7 45 18 39 5 12 8 32 3 49 7 38 9 20 20 11 24 27 4 9
624 10 84 18 39 7 38 7 45 4 9 24 27 20 11 5 12 3 49 9 20 8 32
625 10 84 20 11 9 20 7 45 18 39 3 49 5 12 8 32 24 27 7 38 4 9
626 10 84 4 9 7 38 18 39 3 49 24 27 9 20 5 12 8 32 7 45 20 11
627 10 84 5 12 24 27 7 45 8 32 9 20 7 38 4 9 18 39 3 49 20 11
628 10 84 20 11 5 12 7 38 3 49 4 9 8 32 7 45 18 39 9 20 24 27
629 10 84 24 27 8 32 9 20 3 49 4 9 18 39 5 12 20 11 7 38 7 45
630 10 84 9 20 8 32 4 9 3 49 20 11 7 38 24 27 7 45 5 12 18 39
631 10 84 24 27 4 9 20 11 7 45 8 32 5 12 3 49 9 20 7 38 18 39
632 10 84 8 32 7 38 20 11 7 45 24 27 4 9 3 49 9 20 18 39 5 12
633 10 84 18 39 24 27 4 9 8 32 7 38 5 12 3 49 7 45 9 20 20 11
634 10 84 9 20 20 11 7 38 4 9 24 27 8 32 18 39 7 45 3 49 5 12
635 10 84 7 45 3 49 7 38 20 11 9 20 8 32 4 9 24 27 18 39 5 12
636 10 84 18 39 8 32 7 45 24 27 4 9 3 49 5 12 9 20 7 38 20 11
637 10 84 9 20 18 39 5 12 7 38 24 27 20 11 4 9 3 49 7 45 8 32
638 10 84 7 38 8 32 20 11 18 39 24 27 4 9 9 20 5 12 7 45 3 49
639 10 84 3 49 7 38 20 11 18 39 5 12 24 27 7 45 8 32 4 9 9 20
640 10 84 7 38 4 9 9 20 18 39 3 49 20 11 5 12 24 27 7 45 8 32
641 10 84 5 12 18 39 24 27 4 9 3 49 8 32 7 45 7 38 20 11 9 20
642 10 84 9 20 7 45 3 49 4 9 24 27 7 38 18 39 5 12 8 32 20 11
643 10 84 20 11 18 39 7 45 24 27 4 9 3 49 8 32 7 38 5 12 9 20
644 10 84 8 32 9 20 24 27 7 38 5 12 20 11 7 45 18 39 3 49 4 9
645 10 84 9 20 18 39 7 38 4 9 20 11 8 32 24 27 5 12 7 45 3 49
646 10 84 5 12 9 20 7 38 4 9 3 49 20 11 24 27 8 32 7 45 18 39
647 10 84 9 20 18 39 24 27 4 9 5 12 8 32 7 45 7 38 3 49 20 11
648 10 84 7 45 9 20 20 11 5 12 18 39 7 38 24 27 4 9 8 32 3 49
649 10 84 5 12 8 32 7 45 9 20 4 9 18 39 3 49 20 11 7 38 24 27
650 10 84 20 11 9 20 18 39 5 12 4 9 7 38 24 27 8 32 3 49 7 45
651 10 84 8 32 5 12 4 9 24 27 7 38 20 11 3 49 18 39 9 20 7 45
652 10 84 9 20 8 32 5 12 4 9 24 27 3 49 18 39 7 45 20 11 7 38
653 10 84 20 11 4 9 9 20 3 49 7 38 18 39 5 12 7 45 24 27 8 32
654 10 84 8 32 4 9 18 39 20 11 24 27 7 38 5 12 3 49 9 20 7 45
655 10 84 9 20 7 45 7 38 3 49 4 9 5 12 8 32 18 39 24 27 20 11
656 10 84 20 11 5 12 7 45 18 39 24 27 3 49 7 38 8 32 4 9 9 20
657 10 84 4 9 5 12 8 32 7 38 20 11 3 49 24 27 7 45 18 39 9 20
658 10 84 24 27 5 12 8 32 7 38 7 45 4 9 3 49 18 39 9 20 20 11
659 10 84 18 39 4 9 7 38 9 20 20 11 3 49 8 32 7 45 24 27 5 12
660 10 84 5 12 7 38 8 32 18 39 20 11 7 45 24 27 4 9 9 20 3 49
661 10 84 4 9 7 45 5 12 7 38 18 39 9 20 20 11 8 32 24 27 3 49
662 10 84 5 12 3 49 7 38 20 11 18 39 9 20 7 45 8 32 4 9 24 27
663 10 84 20 11 18 39 4 9 7 45 5 12 9 20 3 49 24 27 7 38 8 32
664 10 84 3 49 24 27 20 11 8 32 9 20 7 38 4 9 18 39 5 12 7 45
665 10 84 24 27 3 49 5 12 4 9 9 20 7 38 8 32 7 45 20 11 18 39
666 10 84 7 45 3 49 9 20 4 9 18 39 5 12 7 38 24 27 8 32 20 11
667 10 84 7 45 7 38 9 20 8 32 5 12 4 9 24 27 3 49 20 11 18 39
668 10 84 9 20 8 32 24 27 7 38 4 9 5 12 7 45 20 11 3 49 18 39
669 10 84 5 12 3 49 7 45 20 11 9 20 18 39 4 9 7 38 8 32 24 27
670 10 84 18 39 4 9 3 49 20 11 5 12 8 32 7 38 24 27 9 20 7 45
671 10 84 7 45 3 49 4 9 24 27 9 20 8 32 7 38 18 39 5 12 20 11
672 10 84 7 45 9 20 20 11 3 49 24 27 8 32 4 9 5 12 18 39 7 38
673 10 84 24 27 7 38 4 9 8 32 5 12 3 49 7 45 18 39 20 11 9 20
674 10 84 9 20 24 27 4 9 7 45 8 32 20 11 7 38 5 12 3 49 18 39
675 10 84 5 12 7 45 24 27 18 39 20 11 9 20 3 49 8 32 7 38 4 9
676 10 84 18 39 3 49 8 32 7 45 4 9 20 11 24 27 9 20 5 12 7 38
677 10 84 7 45 20 11 7 38 4 9 5 12 18 39 3 49 24 27 8 32 9 20
678 10 84 9 20 7 38 7 45 8 32 20 11 18 39 5 12 4 9 24 27 3 49
679 10 84 5 12 9 20 8 32 18 39 3 49 4 9 7 38 20 11 7 45 24 27
680 10 84 7 45 9 20 24 27 5 12 7 38 8 32 3 49 20 11 4 9 18 39
681 10 84 20 11 8 32 7 45 9 20 7 38 4 9 18 39 3 49 24 27 5 12
682 10 84 7 45 24 27 7 38 3 49 8 32 4 9 20 11 18 39 9 20 5 12
683 10 84 4 9 18 39 8 32 5 12 24 27 9 20 3 49 7 45 20 11 7 38
684 10 84 3 49 20 11 9 20 8 32 18 39 7 38 5 12 24 27 4 9 7 45
685 10 84 3 49 7 45 9 20 8 32 20 11 5 12 24 27 7 38 18 39 4 9
686 10 84 7 45 5 12 20 11 18 39 8 32 7 38 9 20 3 49 24 27 4 9
687 10 84 8 32 7 45 4 9 20 11 5 12 3 49 24 27 7 38 18 39 9 20
688 10 84 7 45 24 27 7 38 9 20 8 32 4 9 20 11 18 39 3 49 5 12
689 10 84 7 38 9 20 5 12 18 39 24 27 20 11 4 9 8 32 7 45 3 49
690 10 84 9 20 8 32 5 12 3 49 18 39 7 45 20 11 4 9 24 27 7 38
691 10 84 20 11 7 38 8 32 3 49 4 9 5 12 24 27 9 20 7 45 18 39
692 10 84 18 39 24 27 5 12 7 45 4 9 8 32 3 49 9 20 20 11 7 38
693 10 84 8 32 7 45 9 20 4 9 5 12 7 38 3 49 20 11 18 39 24 27
694 10 84 24 27 3 49 4 9 5 12 7 45 8 32 20 11 7 38 9 20 18 39
695 10 84 7 45 7 38 8 32 18 39 20 11 24 27 3 49 4 9 5 12 9 20
696 10 84 5 12 8 32 7 38 18 39 3 49 24 27 7 45 20 11 4 9 9 20
697 10 84 5 12 24 27 4 9 3 49 20 11 7 45 8 32 7 38 9 20 18 39
698 10 84 5 12 3 49 9 20 8 32 7 38 24 27 20 11 4 9 7 45 18 39
699 10 84 5 12 4 9 7 38 7 45 9 20 24 27 18 39 20 11 3 49 8 32
700 10 84 7 45 18 39 7 38 4 9 5 12 20 11 8 32 9 20 3 49 24 27
701 10 84 20 11 7 38 4 9 5 12 9 20 24 27 7 45 3 49 8 32 18 39
702 10 84 20 11 24 27 9 20 4 9 18 39 3 49 5 12 7 38 7 45 8 32
703 10 84 24 27 8 32 3 49 7 38 18 39 7 45 20 11 5 12 4 9 9 20
704 10 84 7 38 8 32 18 39 4 9 5 12 20 11 9 20 7 45 3 49 24 27
705 10 84 7 45 5 12 24 27 4 9 3 49 7 38 9 20 20 11 18 39 8 32
706 10 84 20 11 3 49 7 45 24 27 8 32 4 9 18 39 9 20 5 12 7 38
707 10 84 9 20 20 11 4 9 5 12 7 38 3 49 18 39 8 32 24 27 7 45
708 10 84 7 38 4 9 9 20 5 12 20 11 24 27 7 45 8 32 3 49 18 39
709 10 84 3 49 4 9 9 20 7 38 5 12 20 11 7 45 18 39 24 27 8 32
710 10 84 9 20 20 11 3 49 8 32 18 39 7 45 7 38 24 27 5 12 4 9
711 10 84 20 11 3 49 18 39 9 20 4 9 8 32 7 45 5 12 7 38 24 27
712 10 84 24 27 5 12 7 45 9 20 20 11 3 49 7 38 18 39 4 9 8 32
713 10 84 5 12 7 45 8 32 24 27 3 49 9 20 20 11 7 38 4 9 18 39
714 10 84 7 38 18 39 7 45 9 20 5 12 4 9 24 27 8 32 20 11 3 49
715 10 84 5 12 20 11 9 20 3 49 24 27 8 32 7 38 4 9 18 39 7 45
716 10 84 3 49 24 27 8 32 20 11 7 38 4 9 9 20 7 45 18 39 5 12
717 10 84 18 39 4 9 24 27 20 11 7 38 8 32 7 45 9 20 5 12 3 49
718 10 84 4 9 9 20 20 11 18 39 7 38 24 27 8 32 7 45 5 12 3 49
719 10 84 3 49 4 9 5 12 18 39 24 27 7 45 20 11 7 38 9 20 8 32
720 10 84 3 49 7 38 5 12 20 11 4 9 9 20 24 27 7 45 18 39 8 32
721 10 84 8 32 9 20 5 12 24 27 4 9 20 11 7 45 18 39 3 49 7 38
722 10 84 7 38 7 45 18 39 3 49 9 20 8 32 20 11 24 27 4 9 5 12
723 10 84 9 20 24 27 18 39 8 32 3 49 4 9 5 12 7 45 20 11 7 38
724 10 84 5 12 7 38 4 9 18 39 9 20 3 49 24 27 7 45 20 11 8 32
725 10 84 9 20 4 9 7 38 7 45 8 32 5 12 18 39 24 27 20 11 3 49
726 10 84 3 49 20 11 8 32 7 38 9 20 4 9 7 45 5 12 24 27 18 39
727 10 84 3 49 8 32 7 45 4 9 20 11 18 39 5 12 24 27 9 20 7 38
728 10 84 5 12 24 27 7 38 4 9 8 32 3 49 18 39 7 45 20 11 9 20
729 10 84 20 11 8 32 3 49 7 38 7 45 18 39 5 12 9 20 24 27 4 9
730 10 84 5 12 20 11 4 9 7 45 9 20 7 38 24 27 8 32 3 49 18 39
731 10 84 20 11 7 38 9 20 5 12 24 27 7 45 4 9 8 32 3 49 18 39
732 10 84 7 45 20 11 7 38 18 39 5 12 24 27 9 20 3 49 8 32 4 9
733 10 84 4 9 3 49 20 11 7 38 18 39 9 20 8 32 24 27 5 12 7 45
734 10 84 24 27 18 39 5 12 20 11 3 49 7 45 7 38 9 20 4 9 8 32
735 10 84 5 12 7 38 24 27 3 49 9 20 18 39 8 32 20 11 4 9 7 45
736 10 84 3 49 24 27 18 39 9 20 5 12 8 32 20 11 7 38 7 45 4 9
737 10 84 18 39 7 45 3 49 4 9 8 32 24 27 7 38 9 20 5 12 20 11
738 10 84 24 27 8 32 7 38 3 49 7 45 9 20 18 39 5 12 4 9 20 11
739 10 84 7 38 9 20 20 11 8 32 7 45 18 39 5 12 3 49 24 27 4 9
740 10 84 4 9 8 32 5 12 7 38 18 39 20 11 3 49 7 45 9 20 24 27
741 10 84 20 11 9 20 5 12 4 9 24 27 7 38 18 39 3 49 8 32 7 45
742 10 84 7 38 4 9 9 20 18 39 7 45 8 32 20 11 24 27 5 12 3 49
743 10 84 3 49 8 32 7 38 7 45 5 12 20 11 24 27 18 39 4 9 9 20
744 10 84 24 27 18 39 7 38 4 9 3 49 5 12 20 11 9 20 7 45 8 32
745 10 84 18 39 8 32 7 45 4 9 5 12 9 20 20 11 3 49 24 27 7 38
746 10 84 7 45 4 9 5 12 8 32 9 20 3 49 24 27 7 38 18 39 20 11
747 10 84 7 38 8 32 18 39 7 45 3 49 20 11 5 12 9 20 24 27 4 9
748 10 84 7 38 5 12 8 32 24 27 4 9 18 39 20 11 9 20 7 45 3 49
749 10 84 24 27 5 12 7 38 9 20 7 45 8 32 4 9 18 39 20 11 3 49
750 10 84 24 27 4 9 8 32 9 20 7 38 20 11 18 39 7 45 5 12 3 49
751 10 84 3 49 18 39 9 20 7 38 5 12 4 9 20 11 7 45 8 32 24 27
752 10 84 8 32 9 20 4 9 7 38 20 11 3 49 18 39 7 45 5 12 24 27
753 10 84 20 11 9 20 4 9 18 39 24 27 8 32 7 38 3 49 7 45 5 12
754 10 84 5 12 7 38 3 49 18 39 8 32 4 9 24 27 20 11 7 45 9 20
755 10 84 5 12 20 11 7 45 18 39 8 32 9 20 24 27 7 38 4 9 3 49
756 10 84 18 39 4 9 7 45 24 27 9 20 20 11 3 49 5 12 7 38 8 32
757 10 84 18 39 24 27 3 49 4 9 5 12 20 11 7 38 7 45 8 32 9 20
758 10 84 4 9 9 20 8 32 20 11 5 12 7 38 18 39 7 45 3 49 24 27
759 10 84 3 49 20 11 24 27 18 39 8 32 7 45 4 9 9 20 5 12 7 38
760 10 84 8 32 7 38 3 49 4 9 7 45 18 39 5 12 9 20 24 27 20 11
761 10 84 8 32 4 9 5 12 24 27 3 49 7 38 7 45 18 39 9 20 20 11
762 10 84 20 11 8 32 24 27 5 12 7 45 4 9 9 20 7 38 18 39 3 49
763 10 84 7 38 20 11 24 27 5 12 3 49 4 9 18 39 8 32 7 45 9 20
764 10 84 18 39 20 11 9 20 5 12 7 38 4 9 24 27 3 49 8 32 7 45
765 10 84 5 12 24 27 20 11 9 20 3 49 18 39 8 32 4 9 7 38 7 45
766 10 84 7 45 18 39 9 20 8 32 7 38 24 27 4 9 20 11 3 49 5 12
767 10 84 5 12 3 49 24 27 4 9 7 45 18 39 8 32 20 11 7 38 9 20
768 10 84 7 45 20 11 24 27 3 49 4 9 8 32 18 39 7 38 9 20 5 12
769 10 84 24 27 8 32 4 9 18 39 9 20 5 12 20 11 3 49 7 38 7 45
770 10 84 7 38 9 20 5 12 7 45 8 32 24 27 18 39 3 49 20 11 4 9
771 10 84 24 27 5 12 8 32 18 39 3 49 20 11 9 20 7 38 7 45 4 9
772 10 84 24 27 5 12 7 38 4 9 9 20 18 39 7 45 8 32 3 49 20 11
773 10 84 20 11 7 38 9 20 8 32 4 9 24 27 7 45 18 39 3 49 5 12
774 10 84 8 32 5 12 9 20 3 49 4 9 24 27 7 45 20 11 18 39 7 38
775 10 84 3 49 9 20 24 27 8 32 20 11 4 9 7 45 5 12 18 39 7 38
776 10 84 9 20 8 32 18 39 5 12 7 45 20 11 7 38 4 9 24 27 3 49
777 10 84 8 32 18 39 3 49 20 11 7 45 4 9 9 20 7 38 5 12 24 27
778 10 84 20 11 9 20 8 32 3 49 4 9 5 12 7 38 18 39 24 27 7 45
779 10 84 18 39 8 32 5 12 9 20 7 38 24 27 3 49 7 45 4 9 20 11
780 10 84 9 20 8 32 3 49 20 11 4 9 7 38 5 12 18 39 7 45 24 27
781 10 84 4 9 20 11 8 32 18 39 9 20 3 49 7 38 24 27 5 12 7 45
782 10 84 5 12 9 20 7 38 7 45 18 39 8 32 20 11 24 27 3 49 4 9
783 10 84 8 32 7 38 5 12 24 27 18 39 3 49 7 45 4 9 20 11 9 20
784 10 84 24 27 3 49 8 32 20 11 18 39 4 9 7 38 9 20 7 45 5 12
785 10 84 7 38 18 39 5 12 20 11 8 32 4 9 9 20 7 45 24 27 3 49
786 10 84 7 45 9 20 7 38 18 39 20 11 3 49 5 12 8 32 4 9 24 27
787 10 84 4 9 3 49 7 45 5 12 20 11 9 20 8 32 7 38 18 39 24 27
788 10 84 20 11 7 38 5 12 8 32 9 20 18 39 7 45 4 9 24 27 3 49
789 10 84 9 20 7 38 4 9 18 39 20 11 3 49 24 27 8 32 5 12 7 45
790 10 84 20 11 7 38 4 9 9 20 5 12 3 49 8 32 7 45 24 27 18 39
791 10 84 7 38 24 27 8 32 20 11 7 45 18 39 4 9 9 20 3 49 5 12
792 10 84 7 38 9 20 18 39 5 12 8 32 4 9 24 27 20 11 7 45 3 49
793 10 84 4 9 18 39 8 32 24 27 3 49 7 38 9 20 7 45 20 11 5 12
794 10 84 7 38 4 9 18 39 8 32 5 12 7 45 9 20 24 27 20 11 3 49
795 10 84 24 27 20 11 8 32 7 38 7 45 3 49 4 9 18 39 5 12 9 20
796 10 84 7 38 4 9 3 49 24 27 7 45 9 20 18 39 5 12 20 11 8 32
797 10 84 9 20 20 11 24 27 5 12 8 32 3 49 7 45 7 38 4 9 18 39
798 10 84 9 20 5 12 7 38 7 45 24 27 20 11 8 32 4 9 3 49 18 39
799 10 84 9 20 5 12 3 49 24 27 4 9 7 45 8 32 20 11 18 39 7 38
800 10 84 3 49 7 38 9 20 7 45 20 11 18 39 4 9 8 32 24 27 5 12
801 10 84 8 32 20 11 7 45 5 12 24 27 7 38 18 39 9 20 4 9 3 49
802 10 84 18 39 7 45 8 32 3 49 9 20 4 9 24 27 7 38 20 11 5 12
803 10 84 20 11 7 38 8 32 5 12 18 39 9 20 4 9 24 27 7 45 3 49
804 10 84 7 45 8 32 5 12 9 20 24 27 20 11 18 39 7 38 4 9 3 49
805 10 84 18 39 7 38 9 20 24 27 3 49 20 11 5 12 8 32 7 45 4 9
806 10 84 5 12 4 9 9 20 3 49 18 39 20 11 8 32 24 27 7 45 7 38
807 10 84 18 39 8 32 5 12 9 20 20 11 24 27 7 38 4 9 3 49 7 45
808 10 84 3 49 20 11 8 32 7 38 18 39 7 45 4 9 5 12 24 27 9 20
809 10 84 3 49 4 9 18 39 5 12 8 32 9 20 20 11 7 38 24 27 7 45
810 10 84 7 38 9 20 4 9 24 27 5 12 20 11 3 49 7 45 8 32 18 39
811 10 84 18 39 7 45 5 12 8 32 9 20 20 11 7 38 4 9 24 27 3 49
812 10 84 5 12 9 20 20 11 18 39 4 9 7 38 8 32 24 27 3 49 7 45
813 10 84 7 45 9 20 8 32 4 9 5 12 20 11 18 39 24 27 3 49 7 38
814 10 84 24 27 7 45 8 32 5 12 18 39 9 20 3 49 20 11 7 38 4 9
815 10 84 7 38 18 39 9 20 8 32 7 45 5 12 20 11 4 9 24 27 3 49
816 10 84 9 20 18 39 7 45 5 12 20 11 7 38 4 9 8 32 3 49 24 27
817 10 84 4 9 3 49 5 12 7 45 9 20 8 32 7 38 18 39 24 27 20 11
818 10 84 4 9 24 27 7 45 18 39 3 49 9 20 5 12 20 11 8 32 7 38
819 10 84 4 9 9 20 8 32 18 39 7 38 7 45 20 11 3 49 5 12 24 27
820 10 84 18 39 20 11 4 9 8 32 5 12 3 49 7 38 9 20 24 27 7 45
821 10 84 4 9 8 32 20 11 3 49 7 45 9 20 18 39 5 12 24 27 7 38
822 10 84 20 11 4 9 18 39 24 27 7 45 8 32 3 49 7 38 5 12 9 20
823 10 84 7 38 5 12 24 27 7 45 20 11 9 20 4 9 8 32 18 39 3 49
824 10 84 24 27 9 20 5 12 4 9 7 45 3 49 20 11 18 39 7 38 8 32
825 10 84 4 9 3 49 7 45 5 12 20 11 18 39 7 38 8 32 24 27 9 20
826 10 84 24 27 4 9 7 38 9 20 7 45 8 32 18 39 20 11 3 49 5 12
827 10 84 8 32 20 11 5 12 24 27 9 20 3 49 18 39 7 38 4 9 7 45
828 10 84 5 12 18 39 7 45 24 27 8 32 4 9 3 49 9 20 20 11 7 38
829 10 84 7 38 24 27 5 12 18 39 3 49 8 32 9 20 20 11 4 9 7 45
830 10 84 7 45 5 12 7 38 18 39 24 27 3 49 4 9 8 32 20 11 9 20
831 10 84 24 27 8 32 18 39 3 49 9 20 4 9 7 45 7 38 20 11 5 12
832 10 84 20 11 3 49 7 45 18 39 4 9 9 20 5 12 7 38 24 27 8 32
833 10 84 8 32 3 49 7 45 18 39 24 27 5 12 4 9 9 20 20 11 7 38
834 10 84 24 27 18 39 4 9 5 12 7 38 7 45 20 11 9 20 3 49 8 32
835 10 84 8 32 5 12 20 11 4 9 7 45 18 39 7 38 24 27 3 49 9 20
836 10 84 20 11 8 32 9 20 4 9 18 39 3 49 5 12 24 27 7 45 7 38
837 10 84 24 27 18 39 3 49 5 12 7 45 8 32 7 38 9 20 20 11 4 9
838 10 84 20 11 7 45 18 39 3 49 5 12 4 9 9 20 7 38 8 32 24 27
839 10 84 8 32 20 11 24 27 5 12 7 45 4 9 18 39 9 20 7 38 3 49
840 10 84 4 9 20 11 3 49 18 39 8 32 9 20 5 12 7 45 7 38 24 27
841 10 84 20 11 7 38 5 12 24 27 7 45 9 20 18 39 3 49 8 32 4 9
842 10 84 5 12 24 27 4 9 18 39 8 32 9 20 20 11 7 45 7 38 3 49
843 10 84 20 11 3 49 18 39 4 9 7 45 8 32 5 12 9 20 7 38 24 27
844 10 84 7 38 4 9 24 27 5 12 18 39 8 32 3 49 20 11 9 20 7 45
845 10 84 4 9 3 49 24 27 20 11 7 45 7 38 5 12 8 32 9 20 18 39
846 10 84 20 11 5 12 3 49 9 20 7 45 7 38 8 32 4 9 24 27 18 39
847 10 84 4 9 18 39 3 49 9 20 7 45 8 32 7 38 24 27 20 11 5 12
848 10 84 7 45 8 32 5 12 4 9 7 38 20 11 24 27 3 49 9 20 18 39
849 10 84 18 39 7 45 24 27 7 38 9 20 3 49 20 11 4 9 5 12 8 32
850 10 84 8 32 7 38 5 12 20 11 4 9 18 39 9 20 3 49 7 45 24 27
851 10 84 5 12 9 20 18 39 7 38 8 32 4 9 20 11 3 49 7 45 24 27
852 10 84 20 11 8 32 18 39 9 20 7 38 3 49 4 9 5 12 7 45 24 27
853 10 84 7 38 4 9 24 27 18 39 3 49 5 12 9 20 20 11 7 45 8 32
854 10 84 3 49 9 20 20 11 7 45 18 39 7 38 4 9 24 27 5 12 8 32
855 10 84 7 38 3 49 4 9 5 12 8 32 9 20 24 27 7 45 20 11 18 39
856 10 84 20 11 7 45 3 49 5 12 8 32 4 9 24 27 9 20 7 38 18 39
857 10 84 24 27 7 45 7 38 20 11 3 49 5 12 8 32 4 9 9 20 18 39
858 10 84 4 9 20 11 9 20 8 32 24 27 5 12 7 45 18 39 3 49 7 38
859 10 84 7 45 20 11 9 20 24 27 8 32 5 12 4 9 18 39 3 49 7 38
860 10 84 7 38 4 9 8 32 20 11 24 27 3 49 18 39 7 45 5 12 9 20
861 10 84 5 12 9 20 20 11 7 38 8 32 24 27 4 9 18 39 3 49 7 45
862 10 84 18 39 20 11 7 38 4 9 3 49 7 45 8 32 5 12 24 27 9 20
863 10 84 20 11 9 20 3 49 18 39 7 38 8 32 7 45 24 27 4 9 5 12
864 10 84 18 39 9 20 3 49 8 32 4 9 24 27 20 11 5 12 7 45 7 38
865 10 84 5 12 7 38 18 39 7 45 9 20 4 9 3 49 20 11 24 27 8 32
866 10 84 3 49 18 39 9 20 5 12 8 32 24 27 7 45 20 11 7 38 4 9
867 10 84 5 12 18 39 4 9 24 27 3 49 8 32 20 11 7 38 7 45 9 20
868 10 84 4 9 18 39 3 49 7 38 9 20 20 11 24 27 5 12 8 32 7 45
869 10 84 8 32 4 9 7 45 5 12 24 27 20 11 3 49 7 38 9 20 18 39
870 10 84 7 38 4 9 18 39 9 20 7 45 8 32 5 12 20 11 3 49 24 27
871 10 84 8 32 4 9 5 12 18 39 7 45 20 11 24 27 3 49 9 20 7 38
872 10 84 3 49 20 11 4 9 8 32 7 45 9 20 7 38 24 27 18 39 5 12
873 10 84 9 20 18 39 3 49 7 38 7 45 20 11 4 9 24 27 5 12 8 32
874 10 84 3 49 24 27 4 9 9 20 18 39 7 45 5 12 20 11 8 32 7 38
875 10 84 4 9 24 27 18 39 20 11 3 49 7 38 7 45 9 20 8 32 5 12
876 10 84 7 38 9 20 7 45 5 12 18 39 20 11 8 32 24 27 3 49 4 9
877 10 84 7 45 9 20 20 11 8 32 5 12 3 49 4 9 7 38 24 27 18 39
878 10 84 5 12 7 38 7 45 3 49 20 11 8 32 9 20 18 39 4 9 24 27
879 10 84 7 45 8 32 5 12 4 9 24 27 7 38 9 20 3 49 20 11 18 39
880 10 84 5 12 3 49 24 27 20 11 7 38 18 39 8 32 4 9 9 20 7 45
881 10 84 24 27 5 12 4 9 20 11 8 32 18 39 3 49 9 20 7 38 7 45
882 10 84 7 45 5 12 20 11 24 27 3 49 4 9 9 20 7 38 8 32 18 39
883 10 84 24 27 7 45 8 32 7 38 4 9 9 20 5 12 18 39 20 11 3 49
884 10 84 7 45 18 39 5 12 24 27 3 49 20 11 8 32 4 9 7 38 9 20
885 10 84 20 11 24 27 3 49 9 20 4 9 7 38 8 32 5 12 7 45 18 39
886 10 84 7 38 9 20 7 45 18 39 20 11 5 12 3 49 4 9 8 32 24 27
887 10 84 3 49 7 38 9 20 4 9 5 12 7 45 18 39 20 11 24 27 8 32
888 10 84 9 20 18 39 7 38 7 45 20 11 24 27 4 9 8 32 3 49 5 12
889 10 84 18 39 8 32 7 45 5 12 7 38 4 9 9 20 3 49 24 27 20 11
890 10 84 18 39 4 9 7 45 24 27 9 20 5 12 7 38 3 49 8 32 20 11
891 10 84 7 38 3 49 9 20 18 39 24 27 5 12 4 9 20 11 7 45 8 32
892 10 84 24 27 9 20 20 11 7 45 3 49 5 12 18 39 4 9 7 38 8 32
893 10 84 24 27 20 11 9 20 3 49 18 39 4 9 5 12 7 45 7 38 8 32
894 10 84 9 20 8 32 24 27 5 12 7 38 3 49 4 9 7 45 20 11 18 39
895 10 84 24 27 3 49 8 32 9 20 7 38 20 11 4 9 7 45 5 12 18 39
896 10 84 20 11 8 32 5 12 7 38 4 9 24 27 7 45 3 49 18 39 9 20
897 10 84 8 32 4 9 24 27 18 39 7 45 20 11 7 38 5 12 9 20 3 49
898 10 84 8 32 24 27 9 20 7 38 3 49 20 11 5 12 7 45 18 39 4 9
899 10 84 9 20 7 38 18 39 24 27 20 11 8 32 5 12 7 45 3 49 4 9
900 10 84 24 27 5 12 8 32 20 11 18 39 9 20 7 45 7 38 4 9 3 49
901 10 84 5 12 18 39 24 27 8 32 7 45 7 38 9 20 20 11 3 49 4 9
902 10 84 20 11 7 45 7 38 4 9 5 12 3 49 24 27 8 32 9 20 18 39
903 10 84 18 39 7 45 8 32 7 38 24 27 20 11 5 12 4 9 3 49 9 20
904 10 84 24 27 5 12 3 49 20 11 7 45 7 38 18 39 8 32 9 20 4 9
905 10 84 20 11 9 20 18 39 8 32 7 38 7 45 4 9 5 12 3 49 24 27
906 10 84 24 27 7 45 18 39 5 12 8 32 4 9 20 11 3 49 9 20 7 38
907 10 84 7 38 3 49 7 45 5 12 4 9 24 27 18 39 8 32 20 11 9 20
908 10 84 7 45 8 32 7 38 24 27 20 11 18 39 9 20 5 12 4 9 3 49
909 10 84 9 20 8 32 3 49 7 38 24 27 18 39 5 12 4 9 20 11 7 45
910 10 84 9 20 3 49 20 11 8 32 18 39 7 45 24 27 5 12 7 38 4 9
911 10 84 24 27 7 45 8 32 5 12 20 11 7 38 9 20 3 49 4 9 18 39
912 10 84 20 11 8 32 7 45 9 20 3 49 18 39 5 12 24 27 4 9 7 38
913 10 84 24 27 9 20 7 45 8 32 20 11 5 12 3 49 7 38 18 39 4 9
914 10 84 9 20 5 12 24 27 20 11 8 32 4 9 18 39 7 45 3 49 7 38
915 10 84 8 32 7 45 4 9 7 38 3 49 5 12 18 39 24 27 20 11 9 20
916 10 84 9 20 18 39 3 49 7 45 24 27 20 11 8 32 7 38 5 12 4 9
917 10 84 9 20 5 12 4 9 3 49 24 27 7 45 7 38 20 11 18 39 8 32
918 10 84 9 20 18 39 3 49 7 38 5 12 4 9 8 32 7 45 24 27 20 11
919 10 84 5 12 3 49 7 45 24 27 8 32 20 11 9 20 4 9 18 39 7 38
920 10 84 4 9 3 49 7 38 8 32 24 27 7 45 5 12 9 20 20 11 18 39
921 10 84 4 9 18 39 24 27 7 45 5 12 20 11 8 32 7 38 3 49 9 20
922 10 84 3 49 7 38 4 9 18 39 24 27 9 20 8 32 20 11 7 45 5 12
923 10 84 4 9 7 38 7 45 9 20 20 11 3 49 24 27 5 12 18 39 8 32
924 10 84 24 27 8 32 3 49 20 11 7 38 7 45 5 12 9 20 18 39 4 9
925 10 84 9 20 3 49 20 11 4 9 7 45 18 39 8 32 5 12 24 27 7 38
926 10 84 3 49 8 32 9 20 24 27 5 12 7 45 20 11 4 9 18 39 7 38
927 10 84 8 32 18 39 9 20 4 9 20 11 24 27 7 38 5 12 3 49 7 45
928 10 84 20 11 9 20 7 45 5 12 8 32 4 9 24 27 3 49 18 39 7 38
929 10 84 9 20 18 39 8 32 24 27 3 49 7 38 5 12 7 45 4 9 20 11
930 10 84 3 49 9 20 5 12 7 45 7 38 18 39 8 32 4 9 20 11 24 27
931 10 84 7 38 8 32 24 27 20 11 5 12 3 49 7 45 4 9 9 20 18 39
932 10 84 7 38 20 11 5 12 24 27 8 32 3 49 4 9 9 20 7 45 18 39
933 10 84 9 20 4 9 7 45 7 38 5 12 24 27 20 11 18 39 3 49 8 32
934 10 84 7 38 9 20 18 39 24 27 8 32 20 11 4 9 7 45 3 49 5 12
935 10 84 4 9 3 49 20 11 7 45 7 38 9 20 18 39 5 12 8 32 24 27
936 10 84 20 11 18 39 7 38 5 12 7 45 8 32 9 20 3 49 4 9 24 27
937 10 84 4 9 7 45 24 27 20 11 9 20 18 39 3 49 7 38 8 32 5 12
938 10 84 7 45 3 49 7 38 24 27 9 20 5 12 4 9 8 32 18 39 20 11
939 10 84 20 11 7 45 5 12 3 49 7 38 8 32 18 39 24 27 4 9 9 20
940 10 84 5 12 3 49 24 27 20 11 7 38 18 39 9 20 8 32 7 45 4 9
941 10 84 4 9 5 12 7 38 9 20 18 39 24 27 20 11 3 49 8 32 7 45
942 10 84 5 12 7 45 8 32 4 9 7 38 18 39 20 11 3 49 24 27 9 20
943 10 84 18 39 24 27 7 45 5 12 20 11 3 49 7 38 9 20 4 9 8 32
944 10 84 24 27 3 49 7 38 4 9 8 32 9 20 7 45 5 12 20 11 18 39
945 10 84 18 39 7 45 5 12 4 9 8 32 20 11 7 38 3 49 24 27 9 20
946 10 84 24 27 5 12 3 49 18 39 9 20 4 9 7 38 7 45 8 32 20 11
947 10 84 5 12 8 32 24 27 18 39 7 38 7 45 4 9 3 49 9 20 20 11
948 10 84 5 12 18 39 8 32 20 11 7 45 9 20 3 49 7 38 4 9 24 27
949 10 84 5 12 9 20 20 11 24 27 4 9 3 49 7 38 7 45 18 39 8 32
950 10 84 5 12 7 38 4 9 8 32 3 49 24 27 9 20 20 11 18 39 7 45
951 10 84 5 12 8 32 24 27 3 49 9 20 20 11 18 39 7 38 7 45 4 9
952 10 84 18 39 5 12 7 38 4 9 8 32 3 49 20 11 7 45 9 20 24 27
953 10 84 8 32 7 38 20 11 4 9 18 39 24 27 9 20 7 45 3 49 5 12
954 10 84 8 32 3 49 7 45 7 38 9 20 18 39 20 11 4 9 5 12 24 27
955 10 84 20 11 7 45 4 9 18 39 9 20 3 49 7 38 24 27 8 32 5 12
956 10 84 7 45 18 39 7 38 4 9 20 11 24 27 3 49 8 32 5 12 9 20
957 10 84 18 39 20 11 4 9 9 20 8 32 7 38 24 27 7 45 3 49 5 12
958 10 84 5 12 9 20 4 9 20 11 8 32 7 45 7 38 18 39 3 49 24 27
959 10 84 5 12 20 11 24 27 4 9 9 20 8 32 7 45 3 49 7 38 18 39
960 10 84 24 27 5 12 8 32 18 39 7 38 9 20 4 9 20 11 3 49 7 45
961 10 84 9 20 3 49 7 38 18 39 5 12 4 9 7 45 8 32 24 27 20 11
962 10 84 5 12 8 32 3 49 7 38 24 27 4 9 7 45 18 39 9 20 20 11
963 10 84 20 11 7 45 8 32 18 39 9 20 3 49 7 38 4 9 24 27 5 12
964 10 84 5 12 3 49 20 11 4 9 18 39 7 38 8 32 9 20 24 27 7 45
965 10 84 7 38 24 27 20 11 18 39 7 45 8 32 3 49 9 20 5 12 4 9
966 10 84 24 27 18 39 4 9 7 38 3 49 9 20 8 32 7 45 20 11 5 12
967 10 84 24 27 18 39 3 49 4 9 9 20 20 11 5 12 7 45 8 32 7 38
968 10 84 4 9 7 45 5 12 9 20 7 38 18 39 8 32 20 11 24 27 3 49
969 10 84 8 32 20 11 5 12 24 27 7 45 7 38 3 49 18 39 4 9 9 20
970 10 84 3 49 8 32 9 20 7 38 18 39 5 12 20 11 4 9 24 27 7 45
971 10 84 8 32 3 49 24 27 18 39 20 11 7 45 4 9 9 20 7 38 5 12
972 10 84 5 12 7 45 9 20 3 49 8 32 24 27 4 9 7 38 20 11 18 39
973 10 84 7 38 5 12 7 45 9 20 3 49 8 32 4 9 18 39 20 11 24 27
974 10 84 20 11 8 32 3 49 4 9 7 45 7 38 9 20 24 27 5 12 18 39
975 10 84 7 38 24 27 4 9 20 11 3 49 5 12 7 45 8 32 18 39 9 20
976 10 84 4 9 7 45 8 32 7 38 18 39 3 49 5 12 24 27 20 11 9 20
977 10 84 7 38 4 9 5 12 9 20 18 39 7 45 24 27 8 32 3 49 20 11
978 10 84 5 12 9 20 8 32 7 45 20 11 3 49 7 38 4 9 18 39 24 27
979 10 84 7 38 24 27 20 11 3 49 7 45 5 12 9 20 8 32 4 9 18 39
980 10 84 7 45 7 38 5 12 9 20 24 27 3 49 18 39 8 32 20 11 4 9
981 10 84 3 49 9 20 8 32 7 45 4 9 24 27 20 11 5 12 7 38 18 39
982 10 84 20 11 4 9 7 38 7 45 18 39 24 27 9 20 5 12 8 32 3 49
983 10 84 9 20 20 11 24 27 18 39 8 32 4 9 7 45 7 38 3 49 5 12
984 10 84 24 27 7 45 5 12 20 11 18 39 9 20 4 9 3 49 7 38 8 32
985 10 84 24 27 20 11 9 20 4 9 7 38 8 32 7 45 3 49 18 39 5 12
986 10 84 18 39 4 9 3 49 24 27 20 11 5 12 7 38 7 45 8 32 9 20
987 10 84 18 39 5 12 9 20 7 45 7 38 8 32 24 27 20 11 3 49 4 9
988 10 84 20 11 7 38 9 20 8 32 4 9 18 39 7 45 3 49 5 12 24 27
989 10 84 4 9 20 11 7 38 3 49 8 32 9 20 18 39 24 27 5 12 7 45
990 10 84 7 38 5 12 8 32 7 45 3 49 24 27 18 39 4 9 20 11 9 20
991 10 84 20 11 9 20 3 49 8 32 24 27 7 38 7 45 5 12 4 9 18 39
992 10 84 20 11 8 32 24 27 7 38 9 20 3 49 18 39 5 12 4 9 7 45
993 10 84 5 12 24 27 7 38 8 32 18 39 7 45 4 9 3 49 20 11 9 20
994 10 84 20 11 5 12 18 39 9 20 7 45 7 38 24 27 3 49 8 32 4 9
995 10 84 4 9 24 27 5 12 3 49 7 45 8 32 20 11 9 20 7 38 18 39
996 10 84 18 39 8 32 24 27 7 38 3 49 7 45 20 11 5 12 4 9 9 20
997 10 84 24 27 9 20 3 49 5 12 7 45 20 11 8 32 7 38 4 9 18 39
998 10 84 20 11 4 9 18 39 24 27 7 45 3 49 8 32 5 12 7 38 9 20
999 10 84 3 49 7 45 8 32 18 39 7 38 4 9 24 27 9 20 5 12 20 11
1000 10 84 24 27 18 39 8 32 20 11 4 9 7 38 5 12 3 49 7 45 9 20
1001 10 84 8 32 7 45 9 20 24 27 5 12 3 49 4 9 20 11 7 38 18 39
1002 10 84 18 39 3 49 7 38 4 9 9 20 20 11 5 12 24 27 7 45 8 32
1003 10 84 24 27 18 39 20 11 7 38 8 32 7 45 3 49 5 12 4 9 9 20
1004 10 84 8 32 4 9 9 20 5 12 7 38 7 45 24 27 3 49 20 11 18 39
1005 10 84 24 27 5 12 18 39 3 49 7 38 7 45 8 32 20 11 4 9 9 20
1006 10 84 24 27 7 45 20 11 3 49 5 12 9 20 8 32 18 39 7 38 4 9
1007 10 84 9 20 18 39 5 12 20 11 4 9 7 38 3 49 8 32 24 27 7 45
1008 10 84 5 12 7 38 7 45 20 11 24 27 18 39 9 20 3 49 4 9 8 32
1009 10 84 7 38 8 32 7 45 3 49 9 20 20 11 5 12 18 39 4 9 24 27
1010 10 84 3 49 4 9 9 20 7 45 18 39 24 27 7 38 5 12 8 32 20 11
1011 10 84 7 38 18 39 8 32 24 27 7 45 9 20 20 11 4 9 5 12 3 49
1012 10 84 20 11 5 12 3 49 7 45 4 9 9 20 8 32 18 39 7 38 24 27
1013 10 84 24 27 8 32 7 38 18 39 4 9 9 20 3 49 5 12 20 11 7 45
1014 10 84 5 12 24 27 8 32 7 45 7 38 3 49 9 20 4 9 18 39 20 11
1015 10 84 24 27 3 49 4 9 7 38 8 32 20 11 5 12 7 45 18 39 9 20
1016 10 84 5 12 18 39 7 45 24 27 7 38 3 49 20 11 4 9 9 20 8 32
1017 10 84 5 12 7 45 18 39 20 11 8 32 24 27 4 9 7 38 3 49 9 20
1018 10 84 18 39 20 11 5 12 8 32 24 27 3 49 7 38 7 45 4 9 9 20
1019 10 84 4 9 18 39 8 32 24 27 7 38 20 11 5 12 3 49 9 20 7 45
1020 10 84 8 32 20 11 24 27 7 45 3 49 7 38 18 39 9 20 4 9 5 12
1021 10 84 20 11 5 12 24 27 7 38 3 49 4 9 8 32 9 20 18 39 7 45
1022 10 84 7 38 20 11 5 12 7 45 9 20 4 9 8 32 24 27 18 39 3 49
1023 10 84 9 20 18 39 8 32 5 12 20 11 7 38 4 9 7 45 3 49 24 27
1024 10 84 7 45 5 12 20 11 4 9 18 39 7 38 3 49 24 27 9 20 8 32
1025 10 84 9 20 20 11 24 27 3 49 7 45 4 9 18 39 8 32 7 38 5 12
1026 10 84 8 32 4 9 9 20 7 38 18 39 7 45 5 12 20 11 3 49 24 27
